#multi:
;mass A;mass B;
t;x;x;
0.000000E0;-2.217075E-2;2.251536E-2
3.333333E-2;-2.216895E-2;2.251451E-2
6.666667E-2;-2.216923E-2;2.251391E-2
1.000000E-1;-2.216934E-2;2.251745E-2
1.333333E-1;-2.216824E-2;2.251760E-2
1.666667E-1;-2.217102E-2;2.252163E-2
2.000000E-1;-2.217315E-2;2.252335E-2
2.333333E-1;-2.218740E-2;2.252688E-2
2.666667E-1;-2.217133E-2;2.252815E-2
3.000000E-1;-2.216464E-2;2.252728E-2
3.333333E-1;-2.216425E-2;2.252646E-2
3.666667E-1;-2.216143E-2;2.252474E-2
4.000000E-1;-2.215870E-2;2.252656E-2
4.333333E-1;-2.215946E-2;2.252916E-2
4.666667E-1;-2.216190E-2;2.253488E-2
5.000000E-1;-2.216476E-2;2.253395E-2
5.333333E-1;-2.215647E-2;2.253273E-2
5.666667E-1;-2.215844E-2;2.252792E-2
6.000000E-1;-2.212826E-2;2.249920E-2
6.333333E-1;-2.211290E-2;2.241121E-2
6.666667E-1;-2.202261E-2;2.234240E-2
7.000000E-1;-2.189468E-2;2.228838E-2
7.333333E-1;-2.179021E-2;2.215397E-2
7.666667E-1;-2.158475E-2;2.199676E-2
8.000000E-1;-2.142670E-2;2.181122E-2
8.333333E-1;-2.122061E-2;2.163007E-2
8.666667E-1;-2.099045E-2;2.141023E-2
9.000000E-1;-2.076986E-2;2.119301E-2
9.333333E-1;-2.051256E-2;2.093930E-2
9.666667E-1;-2.025629E-2;2.069527E-2
1.000000E0;-1.997752E-2;2.042097E-2
1.033333E0;-1.972884E-2;2.016417E-2
1.066667E0;-1.944380E-2;1.987988E-2
1.100000E0;-1.916217E-2;1.961673E-2
1.133333E0;-1.889049E-2;1.934888E-2
1.166667E0;-1.861030E-2;1.909540E-2
1.200000E0;-1.833639E-2;1.882841E-2
1.233333E0;-1.806406E-2;1.858917E-2
1.266667E0;-1.782659E-2;1.834749E-2
1.300000E0;-1.759989E-2;1.812471E-2
1.333333E0;-1.739726E-2;1.791819E-2
1.366667E0;-1.718443E-2;1.772565E-2
1.400000E0;-1.703421E-2;1.756063E-2
1.433333E0;-1.688015E-2;1.740597E-2
1.466667E0;-1.673176E-2;1.729817E-2
1.500000E0;-1.663148E-2;1.720076E-2
1.533333E0;-1.655339E-2;1.712930E-2
1.566667E0;-1.650419E-2;1.707502E-2
1.600000E0;-1.648128E-2;1.704773E-2
1.633333E0;-1.648771E-2;1.706231E-2
1.666667E0;-1.651940E-2;1.709867E-2
1.700000E0;-1.656356E-2;1.717280E-2
1.733333E0;-1.664759E-2;1.727905E-2
1.766667E0;-1.675767E-2;1.738903E-2
1.800000E0;-1.689596E-2;1.751648E-2
1.833333E0;-1.707590E-2;1.768606E-2
1.866667E0;-1.724856E-2;1.785985E-2
1.900000E0;-1.746419E-2;1.806908E-2
1.933333E0;-1.768635E-2;1.826884E-2
1.966667E0;-1.790407E-2;1.849845E-2
2.000000E0;-1.815036E-2;1.873171E-2
2.033333E0;-1.839475E-2;1.898198E-2
2.066667E0;-1.866430E-2;1.923842E-2
2.100000E0;-1.892579E-2;1.951364E-2
2.133333E0;-1.922568E-2;1.977477E-2
2.166667E0;-1.948865E-2;2.004274E-2
2.200000E0;-1.976974E-2;2.031252E-2
2.233333E0;-2.003474E-2;2.056071E-2
2.266667E0;-2.030534E-2;2.082041E-2
2.300000E0;-2.054992E-2;2.105011E-2
2.333333E0;-2.079384E-2;2.128143E-2
2.366667E0;-2.101518E-2;2.148220E-2
2.400000E0;-2.121122E-2;2.168051E-2
2.433333E0;-2.139364E-2;2.186949E-2
2.466667E0;-2.156580E-2;2.201706E-2
2.500000E0;-2.171526E-2;2.214721E-2
2.533333E0;-2.183191E-2;2.226129E-2
2.566667E0;-2.192480E-2;2.235379E-2
2.600000E0;-2.199382E-2;2.240635E-2
2.633333E0;-2.203703E-2;2.242178E-2
2.666667E0;-2.205392E-2;2.243612E-2
2.700000E0;-2.205193E-2;2.242029E-2
2.733333E0;-2.199311E-2;2.236982E-2
2.766667E0;-2.191974E-2;2.229107E-2
2.800000E0;-2.184529E-2;2.220617E-2
2.833333E0;-2.172756E-2;2.207356E-2
2.866667E0;-2.158108E-2;2.192824E-2
2.900000E0;-2.141396E-2;2.176813E-2
2.933333E0;-2.121910E-2;2.156653E-2
2.966667E0;-2.102690E-2;2.136908E-2
3.000000E0;-2.080047E-2;2.113940E-2
3.033333E0;-2.057667E-2;2.089706E-2
3.066667E0;-2.032587E-2;2.064701E-2
3.100000E0;-2.006154E-2;2.040080E-2
3.133333E0;-1.980550E-2;2.012542E-2
3.166667E0;-1.953805E-2;1.986080E-2
3.200000E0;-1.926451E-2;1.960104E-2
3.233333E0;-1.899539E-2;1.931890E-2
3.266667E0;-1.872683E-2;1.906420E-2
3.300000E0;-1.845523E-2;1.879520E-2
3.333333E0;-1.821716E-2;1.855372E-2
3.366667E0;-1.797512E-2;1.832047E-2
3.400000E0;-1.773238E-2;1.808951E-2
3.433333E0;-1.753222E-2;1.788753E-2
3.466667E0;-1.733311E-2;1.769775E-2
3.500000E0;-1.715488E-2;1.752799E-2
3.533333E0;-1.700525E-2;1.739065E-2
3.566667E0;-1.687645E-2;1.727121E-2
3.600000E0;-1.677594E-2;1.716629E-2
3.633333E0;-1.668776E-2;1.709585E-2
3.666667E0;-1.665084E-2;1.704522E-2
3.700000E0;-1.662144E-2;1.704140E-2
3.733333E0;-1.661335E-2;1.704085E-2
3.766667E0;-1.664147E-2;1.708724E-2
3.800000E0;-1.670439E-2;1.712715E-2
3.833333E0;-1.677956E-2;1.721509E-2
3.866667E0;-1.688031E-2;1.733259E-2
3.900000E0;-1.701914E-2;1.749007E-2
3.933333E0;-1.715275E-2;1.763183E-2
3.966667E0;-1.732768E-2;1.781288E-2
4.000000E0;-1.750285E-2;1.801253E-2
4.033333E0;-1.771207E-2;1.822890E-2
4.066667E0;-1.792423E-2;1.844627E-2
4.100000E0;-1.816220E-2;1.869695E-2
4.133333E0;-1.841218E-2;1.896015E-2
4.166667E0;-1.868271E-2;1.921465E-2
4.200000E0;-1.892890E-2;1.947562E-2
4.233333E0;-1.920048E-2;1.974867E-2
4.266667E0;-1.946516E-2;2.002170E-2
4.300000E0;-1.972643E-2;2.028097E-2
4.333333E0;-1.998806E-2;2.054653E-2
4.366667E0;-2.023695E-2;2.080709E-2
4.400000E0;-2.048132E-2;2.105003E-2
4.433333E0;-2.071212E-2;2.127046E-2
4.466667E0;-2.071105E-2;2.127291E-2
4.500000E0;-2.091920E-2;2.149456E-2
4.533333E0;-2.129958E-2;2.187155E-2
4.566667E0;-2.129825E-2;2.187058E-2
4.600000E0;-2.146186E-2;2.203328E-2
4.633333E0;-2.171422E-2;2.228245E-2
4.666667E0;-2.171166E-2;2.228111E-2
4.700000E0;-2.180099E-2;2.237559E-2
4.733333E0;-2.191564E-2;2.247978E-2
4.766667E0;-2.191954E-2;2.247451E-2
4.800000E0;-2.193560E-2;2.248507E-2
4.833333E0;-2.188594E-2;2.242001E-2
4.866667E0;-2.188399E-2;2.241479E-2
4.900000E0;-2.182162E-2;2.235836E-2
4.933333E0;-2.160821E-2;2.213776E-2
4.966667E0;-2.160328E-2;2.214340E-2
5.000000E0;-2.146915E-2;2.199646E-2
5.033333E0;-2.113977E-2;2.164328E-2
5.066667E0;-2.113521E-2;2.164159E-2
5.100000E0;-2.093342E-2;2.143796E-2
5.133333E0;-2.048899E-2;2.098441E-2
5.166667E0;-2.048613E-2;2.098578E-2
5.200000E0;-2.024490E-2;2.075008E-2
5.233333E0;-1.974440E-2;2.022637E-2
5.266667E0;-1.974948E-2;2.022669E-2
5.300000E0;-1.949150E-2;1.996980E-2
5.333333E0;-1.897024E-2;1.943032E-2
5.366667E0;-1.896642E-2;1.942608E-2
5.400000E0;-1.870627E-2;1.914617E-2
5.433333E0;-1.821706E-2;1.864526E-2
5.466667E0;-1.821180E-2;1.864623E-2
5.500000E0;-1.797048E-2;1.840249E-2
5.533333E0;-1.754806E-2;1.796323E-2
5.566667E0;-1.754831E-2;1.795989E-2
5.600000E0;-1.734832E-2;1.777700E-2
5.633333E0;-1.703733E-2;1.745781E-2
5.666667E0;-1.703383E-2;1.746234E-2
5.700000E0;-1.691459E-2;1.732185E-2
5.733333E0;-1.673242E-2;1.714890E-2
5.766667E0;-1.673209E-2;1.714420E-2
5.800000E0;-1.667878E-2;1.707474E-2
5.833333E0;-1.665435E-2;1.704471E-2
5.866667E0;-1.665765E-2;1.705037E-2
5.900000E0;-1.668154E-2;1.707526E-2
5.933333E0;-1.680397E-2;1.720595E-2
5.966667E0;-1.680070E-2;1.720211E-2
6.000000E0;-1.690582E-2;1.729695E-2
6.033333E0;-1.717042E-2;1.757393E-2
6.066667E0;-1.717633E-2;1.757883E-2
6.100000E0;-1.735179E-2;1.775563E-2
6.133333E0;-1.774552E-2;1.815330E-2
6.166667E0;-1.774061E-2;1.815894E-2
6.200000E0;-1.796059E-2;1.838894E-2
6.233333E0;-1.841296E-2;1.887202E-2
6.266667E0;-1.841617E-2;1.887370E-2
6.300000E0;-1.867464E-2;1.913200E-2
6.333333E0;-1.918411E-2;1.966078E-2
6.366667E0;-1.918528E-2;1.965682E-2
6.400000E0;-1.944904E-2;1.991471E-2
6.433333E0;-1.995013E-2;2.044781E-2
6.466667E0;-1.995054E-2;2.045083E-2
6.500000E0;-2.020033E-2;2.071132E-2
6.533333E0;-2.065647E-2;2.118448E-2
6.566667E0;-2.065610E-2;2.118019E-2
6.600000E0;-2.085290E-2;2.139444E-2
6.633333E0;-2.122799E-2;2.178843E-2
6.666667E0;-2.123042E-2;2.179308E-2
6.700000E0;-2.138536E-2;2.196892E-2
6.733333E0;-2.152897E-2;2.210858E-2
6.766667E0;-2.164259E-2;2.221899E-2
6.800000E0;-2.173342E-2;2.230707E-2
6.833333E0;-2.178612E-2;2.238005E-2
6.866667E0;-2.182155E-2;2.243153E-2
6.900000E0;-2.183152E-2;2.245076E-2
6.933333E0;-2.182378E-2;2.245020E-2
6.966667E0;-2.177235E-2;2.242079E-2
7.000000E0;-2.170528E-2;2.235716E-2
7.033333E0;-2.162596E-2;2.227784E-2
7.066667E0;-2.151791E-2;2.216168E-2
7.100000E0;-2.138098E-2;2.203297E-2
7.133333E0;-2.121259E-2;2.187318E-2
7.166667E0;-2.104842E-2;2.170270E-2
7.200000E0;-2.085484E-2;2.150776E-2
7.233333E0;-2.062778E-2;2.129019E-2
7.266667E0;-2.041361E-2;2.106423E-2
7.300000E0;-2.017168E-2;2.082993E-2
7.333333E0;-1.993495E-2;2.057042E-2
7.366667E0;-1.969866E-2;2.031570E-2
7.400000E0;-1.943847E-2;2.004435E-2
7.433333E0;-1.917346E-2;1.978993E-2
7.466667E0;-1.892180E-2;1.952415E-2
7.500000E0;-1.866376E-2;1.926267E-2
7.533333E0;-1.841905E-2;1.899045E-2
7.566667E0;-1.817860E-2;1.875385E-2
7.600000E0;-1.794295E-2;1.852959E-2
7.633333E0;-1.773251E-2;1.830381E-2
7.666667E0;-1.753360E-2;1.808594E-2
7.700000E0;-1.733733E-2;1.789519E-2
7.733333E0;-1.717921E-2;1.772711E-2
7.766667E0;-1.702676E-2;1.756749E-2
7.800000E0;-1.690692E-2;1.743607E-2
7.833333E0;-1.680529E-2;1.731876E-2
7.866667E0;-1.671743E-2;1.723357E-2
7.900000E0;-1.668676E-2;1.717803E-2
7.933333E0;-1.665358E-2;1.714450E-2
7.966667E0;-1.665652E-2;1.713109E-2
8.000000E0;-1.668014E-2;1.715018E-2
8.033333E0;-1.673155E-2;1.717962E-2
8.066667E0;-1.680998E-2;1.725108E-2
8.100000E0;-1.691166E-2;1.734726E-2
8.133333E0;-1.702925E-2;1.746792E-2
8.166667E0;-1.717867E-2;1.760435E-2
8.200000E0;-1.734711E-2;1.776183E-2
8.233333E0;-1.754387E-2;1.793920E-2
8.266667E0;-1.775834E-2;1.813723E-2
8.300000E0;-1.798156E-2;1.833660E-2
8.333333E0;-1.819922E-2;1.857622E-2
8.366667E0;-1.844808E-2;1.881444E-2
8.400000E0;-1.868934E-2;1.905713E-2
8.433333E0;-1.894179E-2;1.931155E-2
8.466667E0;-1.920687E-2;1.955877E-2
8.500000E0;-1.946869E-2;1.983370E-2
8.533333E0;-1.972629E-2;2.008984E-2
8.566667E0;-1.998325E-2;2.033801E-2
8.600000E0;-2.022738E-2;2.058302E-2
8.633333E0;-2.046635E-2;2.082020E-2
8.666667E0;-2.070268E-2;2.104196E-2
8.700000E0;-2.091286E-2;2.126624E-2
8.733333E0;-2.109756E-2;2.146625E-2
8.766667E0;-2.129236E-2;2.164915E-2
8.800000E0;-2.143986E-2;2.181145E-2
8.833333E0;-2.157864E-2;2.194630E-2
8.866667E0;-2.167389E-2;2.205844E-2
8.900000E0;-2.177395E-2;2.216758E-2
8.933333E0;-2.184290E-2;2.223738E-2
8.966667E0;-2.188153E-2;2.227762E-2
9.000000E0;-2.188009E-2;2.229766E-2
9.033333E0;-2.187785E-2;2.230264E-2
9.066667E0;-2.183558E-2;2.227124E-2
9.100000E0;-2.177475E-2;2.221920E-2
9.133333E0;-2.167948E-2;2.214295E-2
9.166667E0;-2.156902E-2;2.204518E-2
9.200000E0;-2.145437E-2;2.192020E-2
9.233333E0;-2.129001E-2;2.177735E-2
9.266667E0;-2.111536E-2;2.159686E-2
9.300000E0;-2.092220E-2;2.142088E-2
9.333333E0;-2.071056E-2;2.121730E-2
9.366667E0;-2.049508E-2;2.099551E-2
9.400000E0;-2.025035E-2;2.076432E-2
9.433333E0;-2.000662E-2;2.053158E-2
9.466667E0;-1.974529E-2;2.028500E-2
9.500000E0;-1.948806E-2;2.004132E-2
9.533333E0;-1.922719E-2;1.978489E-2
9.566667E0;-1.896521E-2;1.953438E-2
9.600000E0;-1.870643E-2;1.929158E-2
9.633333E0;-1.845390E-2;1.905147E-2
9.666667E0;-1.820929E-2;1.881744E-2
9.700000E0;-1.796884E-2;1.858181E-2
9.733333E0;-1.775161E-2;1.837141E-2
9.766667E0;-1.754148E-2;1.815817E-2
9.800000E0;-1.734913E-2;1.797907E-2
9.833333E0;-1.718662E-2;1.781813E-2
9.866667E0;-1.703064E-2;1.766362E-2
9.900000E0;-1.690157E-2;1.753759E-2
9.933333E0;-1.679693E-2;1.743013E-2
9.966667E0;-1.671957E-2;1.734891E-2
1.000000E1;-1.666231E-2;1.728987E-2
1.003333E1;-1.663498E-2;1.725990E-2
1.006667E1;-1.662572E-2;1.725452E-2
1.010000E1;-1.664426E-2;1.725083E-2
1.013333E1;-1.669462E-2;1.730346E-2
1.016667E1;-1.676573E-2;1.736397E-2
1.020000E1;-1.687390E-2;1.745086E-2
1.023333E1;-1.698299E-2;1.757493E-2
1.026667E1;-1.712421E-2;1.770696E-2
1.030000E1;-1.730326E-2;1.786779E-2
1.033333E1;-1.747484E-2;1.803587E-2
1.036667E1;-1.767672E-2;1.823405E-2
1.040000E1;-1.789571E-2;1.844556E-2
1.043333E1;-1.811898E-2;1.866165E-2
1.046667E1;-1.836935E-2;1.889507E-2
1.050000E1;-1.861800E-2;1.912823E-2
1.053333E1;-1.887327E-2;1.936489E-2
1.056667E1;-1.913135E-2;1.960240E-2
1.060000E1;-1.939171E-2;1.987356E-2
1.063333E1;-1.966027E-2;2.010053E-2
1.066667E1;-1.991223E-2;2.034258E-2
1.070000E1;-2.016128E-2;2.058278E-2
1.073333E1;-2.041268E-2;2.081164E-2
1.076667E1;-2.063364E-2;2.103554E-2
1.080000E1;-2.084744E-2;2.123774E-2
1.083333E1;-2.105391E-2;2.143236E-2
1.086667E1;-2.123311E-2;2.161597E-2
1.090000E1;-2.139520E-2;2.177058E-2
1.093333E1;-2.153818E-2;2.190933E-2
1.096667E1;-2.165123E-2;2.202943E-2
1.100000E1;-2.174448E-2;2.211283E-2
1.103333E1;-2.181342E-2;2.219340E-2
1.106667E1;-2.187260E-2;2.223540E-2
1.110000E1;-2.190042E-2;2.226644E-2
1.113333E1;-2.188725E-2;2.226147E-2
1.116667E1;-2.185175E-2;2.222994E-2
1.120000E1;-2.180694E-2;2.217089E-2
1.123333E1;-2.172608E-2;2.209397E-2
1.126667E1;-2.161986E-2;2.199444E-2
1.130000E1;-2.149598E-2;2.186645E-2
1.133333E1;-2.134765E-2;2.172418E-2
1.136667E1;-2.117468E-2;2.155759E-2
1.140000E1;-2.099496E-2;2.138600E-2
1.143333E1;-2.078393E-2;2.118532E-2
1.146667E1;-2.056258E-2;2.096030E-2
1.150000E1;-2.033275E-2;2.073457E-2
1.153333E1;-2.011218E-2;2.050132E-2
1.156667E1;-1.986001E-2;2.026754E-2
1.160000E1;-1.960914E-2;2.001865E-2
1.163333E1;-1.935438E-2;1.976383E-2
1.166667E1;-1.909788E-2;1.953437E-2
1.170000E1;-1.884433E-2;1.927724E-2
1.173333E1;-1.859456E-2;1.904604E-2
1.176667E1;-1.834474E-2;1.880345E-2
1.180000E1;-1.811011E-2;1.859129E-2
1.183333E1;-1.789885E-2;1.837387E-2
1.186667E1;-1.768407E-2;1.818172E-2
1.190000E1;-1.749324E-2;1.800018E-2
1.193333E1;-1.731395E-2;1.783386E-2
1.196667E1;-1.714754E-2;1.767567E-2
1.200000E1;-1.702233E-2;1.755175E-2
1.203333E1;-1.689975E-2;1.744403E-2
1.206667E1;-1.681320E-2;1.737152E-2
1.210000E1;-1.675660E-2;1.730146E-2
1.213333E1;-1.671777E-2;1.728732E-2
1.216667E1;-1.670105E-2;1.729016E-2
1.220000E1;-1.671383E-2;1.728997E-2
1.223333E1;-1.675191E-2;1.734592E-2
1.226667E1;-1.681476E-2;1.742780E-2
1.230000E1;-1.687851E-2;1.751637E-2
1.233333E1;-1.699904E-2;1.762630E-2
1.236667E1;-1.714224E-2;1.776478E-2
1.240000E1;-1.729534E-2;1.792762E-2
1.243333E1;-1.746381E-2;1.809403E-2
1.246667E1;-1.766429E-2;1.829416E-2
1.250000E1;-1.786456E-2;1.849496E-2
1.253333E1;-1.808359E-2;1.871110E-2
1.256667E1;-1.831095E-2;1.893003E-2
1.260000E1;-1.855575E-2;1.915935E-2
1.263333E1;-1.879695E-2;1.941487E-2
1.266667E1;-1.903131E-2;1.965938E-2
1.270000E1;-1.929443E-2;1.990103E-2
1.273333E1;-1.954460E-2;2.014332E-2
1.276667E1;-1.979126E-2;2.039543E-2
1.280000E1;-2.002557E-2;2.063082E-2
1.283333E1;-2.025963E-2;2.086702E-2
1.286667E1;-2.048066E-2;2.108147E-2
1.290000E1;-2.070612E-2;2.130124E-2
1.293333E1;-2.089829E-2;2.147958E-2
1.296667E1;-2.106911E-2;2.166220E-2
1.300000E1;-2.122685E-2;2.180485E-2
1.303333E1;-2.138479E-2;2.194335E-2
1.306667E1;-2.151488E-2;2.204763E-2
1.310000E1;-2.161633E-2;2.213901E-2
1.313333E1;-2.170099E-2;2.221581E-2
1.316667E1;-2.175314E-2;2.225868E-2
1.320000E1;-2.176820E-2;2.227150E-2
1.323333E1;-2.178273E-2;2.227774E-2
1.326667E1;-2.175796E-2;2.224199E-2
1.330000E1;-2.170872E-2;2.217863E-2
1.333333E1;-2.164080E-2;2.210325E-2
1.336667E1;-2.154634E-2;2.199955E-2
1.340000E1;-2.143111E-2;2.188247E-2
1.343333E1;-2.128918E-2;2.170786E-2
1.346667E1;-2.113962E-2;2.155531E-2
1.350000E1;-2.095182E-2;2.136990E-2
1.353333E1;-2.076230E-2;2.117481E-2
1.356667E1;-2.054763E-2;2.095661E-2
1.360000E1;-2.031722E-2;2.072631E-2
1.363333E1;-2.008444E-2;2.048055E-2
1.366667E1;-1.984252E-2;2.024170E-2
1.370000E1;-1.960602E-2;1.999252E-2
1.373333E1;-1.935644E-2;1.974823E-2
1.376667E1;-1.911094E-2;1.950525E-2
1.380000E1;-1.885162E-2;1.926647E-2
1.383333E1;-1.860921E-2;1.903300E-2
1.386667E1;-1.837921E-2;1.880383E-2
1.390000E1;-1.814920E-2;1.857321E-2
1.393333E1;-1.793052E-2;1.836754E-2
1.396667E1;-1.774414E-2;1.816046E-2
1.400000E1;-1.754412E-2;1.798667E-2
1.403333E1;-1.738153E-2;1.781687E-2
1.406667E1;-1.722889E-2;1.768196E-2
1.410000E1;-1.710995E-2;1.754150E-2
1.413333E1;-1.700311E-2;1.743070E-2
1.416667E1;-1.692809E-2;1.733695E-2
1.420000E1;-1.685038E-2;1.728746E-2
1.423333E1;-1.680780E-2;1.725199E-2
1.426667E1;-1.678598E-2;1.724979E-2
1.430000E1;-1.679601E-2;1.726787E-2
1.433333E1;-1.683382E-2;1.730302E-2
1.436667E1;-1.688904E-2;1.737352E-2
1.440000E1;-1.697476E-2;1.745620E-2
1.443333E1;-1.708286E-2;1.757734E-2
1.446667E1;-1.719658E-2;1.770984E-2
1.450000E1;-1.734029E-2;1.786614E-2
1.453333E1;-1.750652E-2;1.803468E-2
1.456667E1;-1.768714E-2;1.822348E-2
1.460000E1;-1.787554E-2;1.842162E-2
1.463333E1;-1.810083E-2;1.863489E-2
1.466667E1;-1.832159E-2;1.886915E-2
1.470000E1;-1.854657E-2;1.910362E-2
1.473333E1;-1.878670E-2;1.934962E-2
1.476667E1;-1.902646E-2;1.959480E-2
1.480000E1;-1.926704E-2;1.984201E-2
1.483333E1;-1.950709E-2;2.008812E-2
1.486667E1;-1.973959E-2;2.033962E-2
1.490000E1;-1.997510E-2;2.058462E-2
1.493333E1;-2.020380E-2;2.080991E-2
1.496667E1;-2.041367E-2;2.103492E-2
1.500000E1;-2.061261E-2;2.124777E-2
1.503333E1;-2.080888E-2;2.144232E-2
1.506667E1;-2.099592E-2;2.163062E-2
1.510000E1;-2.114270E-2;2.177981E-2
1.513333E1;-2.128839E-2;2.192194E-2
1.516667E1;-2.140775E-2;2.204485E-2
1.520000E1;-2.149132E-2;2.212648E-2
1.523333E1;-2.157364E-2;2.220341E-2
1.526667E1;-2.162814E-2;2.225033E-2
1.530000E1;-2.166028E-2;2.226928E-2
1.533333E1;-2.165896E-2;2.228094E-2
1.536667E1;-2.163326E-2;2.226447E-2
1.540000E1;-2.159479E-2;2.221595E-2
1.543333E1;-2.151603E-2;2.214440E-2
1.546667E1;-2.142394E-2;2.205277E-2
1.550000E1;-2.130223E-2;2.193274E-2
1.553333E1;-2.117752E-2;2.179580E-2
1.556667E1;-2.102318E-2;2.162984E-2
1.560000E1;-2.083611E-2;2.146034E-2
1.563333E1;-2.065338E-2;2.125870E-2
1.566667E1;-2.045319E-2;2.105932E-2
1.570000E1;-2.025130E-2;2.083858E-2
1.573333E1;-2.001863E-2;2.059520E-2
1.576667E1;-1.978544E-2;2.035438E-2
1.580000E1;-1.954909E-2;2.010849E-2
1.583333E1;-1.931055E-2;1.986243E-2
1.586667E1;-1.905906E-2;1.961627E-2
1.590000E1;-1.883369E-2;1.937203E-2
1.593333E1;-1.860148E-2;1.912827E-2
1.596667E1;-1.836584E-2;1.888744E-2
1.600000E1;-1.815236E-2;1.865040E-2
1.603333E1;-1.793542E-2;1.843760E-2
1.606667E1;-1.774686E-2;1.823189E-2
1.610000E1;-1.756200E-2;1.803878E-2
1.613333E1;-1.740884E-2;1.787135E-2
1.616667E1;-1.726169E-2;1.773230E-2
1.620000E1;-1.713124E-2;1.759205E-2
1.623333E1;-1.702528E-2;1.748200E-2
1.626667E1;-1.694908E-2;1.739491E-2
1.630000E1;-1.689064E-2;1.732052E-2
1.633333E1;-1.687107E-2;1.727742E-2
1.636667E1;-1.684156E-2;1.727673E-2
1.640000E1;-1.686218E-2;1.728285E-2
1.643333E1;-1.688666E-2;1.731324E-2
1.646667E1;-1.695568E-2;1.737179E-2
1.650000E1;-1.704401E-2;1.744834E-2
1.653333E1;-1.714035E-2;1.752818E-2
1.656667E1;-1.726204E-2;1.766555E-2
1.660000E1;-1.740454E-2;1.780856E-2
1.663333E1;-1.758028E-2;1.798277E-2
1.666667E1;-1.776886E-2;1.815774E-2
1.670000E1;-1.796880E-2;1.836074E-2
1.673333E1;-1.817599E-2;1.856306E-2
1.676667E1;-1.840256E-2;1.878597E-2
1.680000E1;-1.863295E-2;1.901424E-2
1.683333E1;-1.888080E-2;1.924257E-2
1.686667E1;-1.912200E-2;1.948304E-2
1.690000E1;-1.936072E-2;1.972293E-2
1.693333E1;-1.959715E-2;1.996482E-2
1.696667E1;-1.983236E-2;2.020420E-2
1.700000E1;-2.006480E-2;2.044816E-2
1.703333E1;-2.029766E-2;2.068778E-2
1.706667E1;-2.050443E-2;2.091395E-2
1.710000E1;-2.071654E-2;2.112326E-2
1.713333E1;-2.088945E-2;2.130916E-2
1.716667E1;-2.106272E-2;2.148285E-2
1.720000E1;-2.122230E-2;2.164939E-2
1.723333E1;-2.135721E-2;2.179240E-2
1.726667E1;-2.147049E-2;2.191835E-2
1.730000E1;-2.155771E-2;2.201894E-2
1.733333E1;-2.161510E-2;2.210409E-2
1.736667E1;-2.166503E-2;2.215631E-2
1.740000E1;-2.167588E-2;2.219257E-2
1.743333E1;-2.169516E-2;2.220932E-2
1.746667E1;-2.167472E-2;2.218431E-2
1.750000E1;-2.162416E-2;2.214783E-2
1.753333E1;-2.155925E-2;2.208410E-2
1.756667E1;-2.147071E-2;2.198810E-2
1.760000E1;-2.134903E-2;2.188750E-2
1.763333E1;-2.121731E-2;2.176026E-2
1.766667E1;-2.105885E-2;2.159541E-2
1.770000E1;-2.086970E-2;2.143567E-2
1.773333E1;-2.069297E-2;2.126383E-2
1.776667E1;-2.048889E-2;2.106056E-2
1.780000E1;-2.027901E-2;2.085423E-2
1.783333E1;-2.005214E-2;2.064186E-2
1.786667E1;-1.981109E-2;2.041505E-2
1.790000E1;-1.958683E-2;2.015859E-2
1.793333E1;-1.933923E-2;1.993517E-2
1.796667E1;-1.909256E-2;1.969293E-2
1.800000E1;-1.885416E-2;1.944750E-2
1.803333E1;-1.861473E-2;1.922080E-2
1.806667E1;-1.838480E-2;1.899585E-2
1.810000E1;-1.815259E-2;1.877431E-2
1.813333E1;-1.794993E-2;1.854667E-2
1.816667E1;-1.775194E-2;1.834162E-2
1.820000E1;-1.758824E-2;1.816997E-2
1.823333E1;-1.742165E-2;1.800180E-2
1.826667E1;-1.727862E-2;1.785302E-2
1.830000E1;-1.714625E-2;1.770602E-2
1.833333E1;-1.703703E-2;1.759622E-2
1.836667E1;-1.695445E-2;1.750190E-2
1.840000E1;-1.689878E-2;1.742736E-2
1.843333E1;-1.686407E-2;1.738967E-2
1.846667E1;-1.683137E-2;1.736623E-2
1.850000E1;-1.685749E-2;1.737305E-2
1.853333E1;-1.688783E-2;1.738824E-2
1.856667E1;-1.695421E-2;1.743260E-2
1.860000E1;-1.703812E-2;1.750132E-2
1.863333E1;-1.714588E-2;1.759995E-2
1.866667E1;-1.725857E-2;1.771369E-2
1.870000E1;-1.740017E-2;1.785330E-2
1.873333E1;-1.756607E-2;1.800387E-2
1.876667E1;-1.774693E-2;1.817764E-2
1.880000E1;-1.794961E-2;1.836231E-2
1.883333E1;-1.814988E-2;1.855648E-2
1.886667E1;-1.835752E-2;1.876546E-2
1.890000E1;-1.859431E-2;1.898952E-2
1.893333E1;-1.882626E-2;1.922379E-2
1.896667E1;-1.908284E-2;1.945802E-2
1.900000E1;-1.932613E-2;1.968588E-2
1.903333E1;-1.956943E-2;1.991601E-2
1.906667E1;-1.980951E-2;2.016936E-2
1.910000E1;-2.004940E-2;2.040153E-2
1.913333E1;-2.028415E-2;2.062043E-2
1.916667E1;-2.049452E-2;2.083950E-2
1.920000E1;-2.070251E-2;2.104070E-2
1.923333E1;-2.088665E-2;2.122033E-2
1.926667E1;-2.106184E-2;2.139725E-2
1.930000E1;-2.121566E-2;2.156310E-2
1.933333E1;-2.135485E-2;2.170410E-2
1.936667E1;-2.147922E-2;2.181741E-2
1.940000E1;-2.157378E-2;2.191162E-2
1.943333E1;-2.164068E-2;2.200875E-2
1.946667E1;-2.170206E-2;2.205435E-2
1.950000E1;-2.172771E-2;2.209405E-2
1.953333E1;-2.171975E-2;2.209978E-2
1.956667E1;-2.168994E-2;2.208325E-2
1.960000E1;-2.164956E-2;2.203891E-2
1.963333E1;-2.157858E-2;2.198334E-2
1.966667E1;-2.148701E-2;2.191077E-2
1.970000E1;-2.136273E-2;2.181494E-2
1.973333E1;-2.123226E-2;2.168057E-2
1.976667E1;-2.107605E-2;2.154524E-2
1.980000E1;-2.090155E-2;2.137371E-2
1.983333E1;-2.071223E-2;2.120702E-2
1.986667E1;-2.051189E-2;2.101074E-2
1.990000E1;-2.030495E-2;2.081179E-2
1.993333E1;-2.007762E-2;2.058687E-2
1.996667E1;-1.984738E-2;2.036349E-2
2.000000E1;-1.960415E-2;2.012315E-2
2.003333E1;-1.936348E-2;1.989627E-2
2.006667E1;-1.912755E-2;1.965693E-2
2.010000E1;-1.889163E-2;1.942658E-2
2.013333E1;-1.865686E-2;1.919281E-2
2.016667E1;-1.841337E-2;1.896505E-2
2.020000E1;-1.819980E-2;1.875334E-2
2.023333E1;-1.798563E-2;1.854656E-2
2.026667E1;-1.778531E-2;1.835361E-2
2.030000E1;-1.760071E-2;1.817145E-2
2.033333E1;-1.743821E-2;1.801630E-2
2.036667E1;-1.727419E-2;1.786593E-2
2.040000E1;-1.715120E-2;1.775400E-2
2.043333E1;-1.702999E-2;1.764420E-2
2.046667E1;-1.694389E-2;1.756822E-2
2.050000E1;-1.687616E-2;1.751251E-2
2.053333E1;-1.685056E-2;1.747150E-2
2.056667E1;-1.681835E-2;1.745218E-2
2.060000E1;-1.683300E-2;1.746745E-2
2.063333E1;-1.686894E-2;1.749688E-2
2.066667E1;-1.690708E-2;1.753945E-2
2.070000E1;-1.699774E-2;1.761351E-2
2.073333E1;-1.709642E-2;1.770071E-2
2.076667E1;-1.721189E-2;1.782357E-2
2.080000E1;-1.734178E-2;1.795695E-2
2.083333E1;-1.749598E-2;1.811909E-2
2.086667E1;-1.766726E-2;1.828528E-2
2.090000E1;-1.785939E-2;1.846406E-2
2.093333E1;-1.807109E-2;1.865838E-2
2.096667E1;-1.828746E-2;1.887358E-2
2.100000E1;-1.851744E-2;1.908903E-2
2.103333E1;-1.874625E-2;1.929750E-2
2.106667E1;-1.898220E-2;1.953505E-2
2.110000E1;-1.922780E-2;1.977052E-2
2.113333E1;-1.945629E-2;1.999634E-2
2.116667E1;-1.970994E-2;2.022111E-2
2.120000E1;-1.993930E-2;2.044316E-2
2.123333E1;-2.016892E-2;2.066673E-2
2.126667E1;-2.039142E-2;2.088140E-2
2.130000E1;-2.059101E-2;2.107145E-2
2.133333E1;-2.078693E-2;2.124507E-2
2.136667E1;-2.096313E-2;2.141587E-2
2.140000E1;-2.112238E-2;2.156067E-2
2.143333E1;-2.125726E-2;2.169268E-2
2.146667E1;-2.137769E-2;2.181887E-2
2.150000E1;-2.147155E-2;2.191215E-2
2.153333E1;-2.155378E-2;2.199172E-2
2.156667E1;-2.160253E-2;2.203589E-2
2.160000E1;-2.163947E-2;2.206851E-2
2.163333E1;-2.164214E-2;2.206287E-2
2.166667E1;-2.163473E-2;2.204153E-2
2.170000E1;-2.159732E-2;2.200848E-2
2.173333E1;-2.154084E-2;2.194295E-2
2.176667E1;-2.144805E-2;2.185338E-2
2.180000E1;-2.135706E-2;2.174739E-2
2.183333E1;-2.123479E-2;2.161844E-2
2.186667E1;-2.107830E-2;2.148019E-2
2.190000E1;-2.091857E-2;2.130919E-2
2.193333E1;-2.075102E-2;2.112500E-2
2.196667E1;-2.056298E-2;2.094505E-2
2.200000E1;-2.035326E-2;2.073372E-2
2.203333E1;-2.013766E-2;2.052656E-2
2.206667E1;-1.992100E-2;2.029331E-2
2.210000E1;-1.968663E-2;2.006780E-2
2.213333E1;-1.944816E-2;1.984284E-2
2.216667E1;-1.922035E-2;1.961790E-2
2.220000E1;-1.898869E-2;1.939676E-2
2.223333E1;-1.875563E-2;1.917435E-2
2.226667E1;-1.853264E-2;1.895002E-2
2.230000E1;-1.831769E-2;1.874050E-2
2.233333E1;-1.809867E-2;1.854061E-2
2.236667E1;-1.790335E-2;1.834981E-2
2.240000E1;-1.771191E-2;1.817994E-2
2.243333E1;-1.754690E-2;1.801647E-2
2.246667E1;-1.739618E-2;1.788083E-2
2.250000E1;-1.725556E-2;1.774902E-2
2.253333E1;-1.714679E-2;1.764334E-2
2.256667E1;-1.703772E-2;1.756716E-2
2.260000E1;-1.697284E-2;1.751534E-2
2.263333E1;-1.693177E-2;1.748490E-2
2.266667E1;-1.690574E-2;1.746114E-2
2.270000E1;-1.690937E-2;1.746779E-2
2.273333E1;-1.691716E-2;1.749897E-2
2.276667E1;-1.697095E-2;1.754795E-2
2.280000E1;-1.704058E-2;1.762385E-2
2.283333E1;-1.712398E-2;1.770571E-2
2.286667E1;-1.724439E-2;1.782643E-2
2.290000E1;-1.737551E-2;1.795972E-2
2.293333E1;-1.752315E-2;1.811121E-2
2.296667E1;-1.769086E-2;1.828192E-2
2.300000E1;-1.786853E-2;1.847979E-2
2.303333E1;-1.806346E-2;1.867186E-2
2.306667E1;-1.826361E-2;1.886697E-2
2.310000E1;-1.848898E-2;1.909474E-2
2.313333E1;-1.871145E-2;1.932373E-2
2.316667E1;-1.893534E-2;1.955518E-2
2.320000E1;-1.917060E-2;1.977766E-2
2.323333E1;-1.940611E-2;2.000344E-2
2.326667E1;-1.964360E-2;2.022736E-2
2.330000E1;-1.988009E-2;2.045354E-2
2.333333E1;-2.009891E-2;2.067877E-2
2.336667E1;-2.031856E-2;2.088136E-2
2.340000E1;-2.051233E-2;2.109017E-2
2.343333E1;-2.070162E-2;2.126764E-2
2.346667E1;-2.087013E-2;2.144655E-2
2.350000E1;-2.102930E-2;2.159918E-2
2.353333E1;-2.117077E-2;2.172842E-2
2.356667E1;-2.129202E-2;2.184048E-2
2.360000E1;-2.139676E-2;2.194189E-2
2.363333E1;-2.147748E-2;2.201294E-2
2.366667E1;-2.153767E-2;2.205333E-2
2.370000E1;-2.157308E-2;2.208212E-2
2.373333E1;-2.158402E-2;2.209156E-2
2.376667E1;-2.158016E-2;2.207246E-2
2.380000E1;-2.155179E-2;2.202312E-2
2.383333E1;-2.149366E-2;2.195432E-2
2.386667E1;-2.141128E-2;2.187270E-2
2.390000E1;-2.130800E-2;2.176542E-2
2.393333E1;-2.118825E-2;2.163851E-2
2.396667E1;-2.104673E-2;2.148609E-2
2.400000E1;-2.088411E-2;2.132759E-2
2.403333E1;-2.071631E-2;2.115008E-2
2.406667E1;-2.053944E-2;2.097703E-2
2.410000E1;-2.033710E-2;2.076911E-2
2.413333E1;-2.012426E-2;2.056040E-2
2.416667E1;-1.991467E-2;2.033241E-2
2.420000E1;-1.968528E-2;2.011176E-2
2.423333E1;-1.946394E-2;1.988640E-2
2.426667E1;-1.923093E-2;1.964577E-2
2.430000E1;-1.900932E-2;1.942784E-2
2.433333E1;-1.877159E-2;1.919361E-2
2.436667E1;-1.856157E-2;1.897010E-2
2.440000E1;-1.835086E-2;1.874604E-2
2.443333E1;-1.814800E-2;1.854448E-2
2.446667E1;-1.795321E-2;1.834796E-2
2.450000E1;-1.777449E-2;1.817514E-2
2.453333E1;-1.761475E-2;1.800796E-2
2.456667E1;-1.746406E-2;1.786849E-2
2.460000E1;-1.734028E-2;1.774745E-2
2.463333E1;-1.723618E-2;1.764381E-2
2.466667E1;-1.715421E-2;1.755029E-2
2.470000E1;-1.708574E-2;1.748450E-2
2.473333E1;-1.703272E-2;1.744202E-2
2.476667E1;-1.700895E-2;1.742035E-2
2.480000E1;-1.700984E-2;1.742269E-2
2.483333E1;-1.703596E-2;1.745129E-2
2.486667E1;-1.707111E-2;1.749729E-2
2.490000E1;-1.714293E-2;1.756265E-2
2.493333E1;-1.722770E-2;1.765455E-2
2.496667E1;-1.734290E-2;1.776851E-2
2.500000E1;-1.747633E-2;1.789500E-2
2.503333E1;-1.761576E-2;1.804936E-2
2.506667E1;-1.777580E-2;1.822739E-2
2.510000E1;-1.794633E-2;1.840937E-2
2.513333E1;-1.814496E-2;1.860533E-2
2.516667E1;-1.834571E-2;1.881273E-2
2.520000E1;-1.855789E-2;1.902425E-2
2.523333E1;-1.876284E-2;1.924164E-2
2.526667E1;-1.899210E-2;1.946548E-2
2.530000E1;-1.922212E-2;1.970016E-2
2.533333E1;-1.945571E-2;1.993428E-2
2.536667E1;-1.967396E-2;2.016009E-2
2.540000E1;-1.988758E-2;2.039181E-2
2.543333E1;-2.010665E-2;2.061100E-2
2.546667E1;-2.031177E-2;2.080949E-2
2.550000E1;-2.049833E-2;2.101593E-2
2.553333E1;-2.066609E-2;2.120624E-2
2.556667E1;-2.083562E-2;2.138055E-2
2.560000E1;-2.099022E-2;2.155119E-2
2.563333E1;-2.112070E-2;2.169139E-2
2.566667E1;-2.123963E-2;2.181775E-2
2.570000E1;-2.133373E-2;2.190791E-2
2.573333E1;-2.140895E-2;2.199779E-2
2.576667E1;-2.146982E-2;2.204942E-2
2.580000E1;-2.150408E-2;2.207556E-2
2.583333E1;-2.151765E-2;2.210074E-2
2.586667E1;-2.149511E-2;2.210110E-2
2.590000E1;-2.146498E-2;2.205741E-2
2.593333E1;-2.140443E-2;2.198717E-2
2.596667E1;-2.133032E-2;2.191653E-2
2.600000E1;-2.123745E-2;2.181460E-2
2.603333E1;-2.111441E-2;2.169723E-2
2.606667E1;-2.098156E-2;2.156444E-2
2.610000E1;-2.082602E-2;2.139994E-2
2.613333E1;-2.066510E-2;2.123222E-2
2.616667E1;-2.047142E-2;2.105259E-2
2.620000E1;-2.026813E-2;2.085826E-2
2.623333E1;-2.006161E-2;2.064492E-2
2.626667E1;-1.984360E-2;2.043664E-2
2.630000E1;-1.961378E-2;2.021034E-2
2.633333E1;-1.938747E-2;1.998529E-2
2.636667E1;-1.915851E-2;1.975745E-2
2.640000E1;-1.894708E-2;1.952819E-2
2.643333E1;-1.873512E-2;1.929832E-2
2.646667E1;-1.851531E-2;1.908407E-2
2.650000E1;-1.830493E-2;1.886630E-2
2.653333E1;-1.812110E-2;1.866407E-2
2.656667E1;-1.793996E-2;1.845806E-2
2.660000E1;-1.777087E-2;1.828931E-2
2.663333E1;-1.761306E-2;1.811661E-2
2.666667E1;-1.747607E-2;1.797125E-2
2.670000E1;-1.734355E-2;1.782772E-2
2.673333E1;-1.724588E-2;1.771053E-2
2.676667E1;-1.717045E-2;1.761816E-2
2.680000E1;-1.710932E-2;1.754556E-2
2.683333E1;-1.707186E-2;1.749156E-2
2.686667E1;-1.705146E-2;1.746353E-2
2.690000E1;-1.705585E-2;1.746689E-2
2.693333E1;-1.709069E-2;1.748083E-2
2.696667E1;-1.713878E-2;1.752162E-2
2.700000E1;-1.720047E-2;1.758969E-2
2.703333E1;-1.730300E-2;1.766972E-2
2.706667E1;-1.740674E-2;1.776045E-2
2.710000E1;-1.753989E-2;1.789607E-2
2.713333E1;-1.768668E-2;1.803706E-2
2.716667E1;-1.784239E-2;1.820754E-2
2.720000E1;-1.801224E-2;1.837431E-2
2.723333E1;-1.820282E-2;1.855164E-2
2.726667E1;-1.838762E-2;1.875604E-2
2.730000E1;-1.859948E-2;1.896793E-2
2.733333E1;-1.881967E-2;1.917967E-2
2.736667E1;-1.904072E-2;1.939790E-2
2.740000E1;-1.928197E-2;1.962538E-2
2.743333E1;-1.949393E-2;1.985558E-2
2.746667E1;-1.970616E-2;2.009483E-2
2.750000E1;-1.992262E-2;2.031364E-2
2.753333E1;-2.014255E-2;2.052139E-2
2.756667E1;-2.035569E-2;2.071860E-2
2.760000E1;-2.054834E-2;2.091202E-2
2.763333E1;-2.071896E-2;2.110886E-2
2.766667E1;-2.088280E-2;2.128917E-2
2.770000E1;-2.102314E-2;2.144121E-2
2.773333E1;-2.115803E-2;2.158248E-2
2.776667E1;-2.127710E-2;2.169615E-2
2.780000E1;-2.137559E-2;2.180211E-2
2.783333E1;-2.144664E-2;2.188379E-2
2.786667E1;-2.150835E-2;2.192834E-2
2.790000E1;-2.154257E-2;2.197098E-2
2.793333E1;-2.153843E-2;2.200237E-2
2.796667E1;-2.152877E-2;2.198922E-2
2.800000E1;-2.149887E-2;2.196371E-2
2.803333E1;-2.141853E-2;2.192353E-2
2.806667E1;-2.134483E-2;2.184487E-2
2.810000E1;-2.124306E-2;2.175639E-2
2.813333E1;-2.111644E-2;2.164240E-2
2.816667E1;-2.097902E-2;2.152772E-2
2.820000E1;-2.082774E-2;2.137836E-2
2.823333E1;-2.064919E-2;2.121876E-2
2.826667E1;-2.047127E-2;2.104895E-2
2.830000E1;-2.027139E-2;2.085522E-2
2.833333E1;-2.007431E-2;2.065869E-2
2.836667E1;-1.984490E-2;2.043595E-2
2.840000E1;-1.962849E-2;2.023040E-2
2.843333E1;-1.941824E-2;2.000770E-2
2.846667E1;-1.918937E-2;1.977991E-2
2.850000E1;-1.896052E-2;1.955300E-2
2.853333E1;-1.874652E-2;1.933267E-2
2.856667E1;-1.853835E-2;1.912106E-2
2.860000E1;-1.831809E-2;1.891748E-2
2.863333E1;-1.812302E-2;1.872695E-2
2.866667E1;-1.792953E-2;1.852787E-2
2.870000E1;-1.777002E-2;1.835443E-2
2.873333E1;-1.761473E-2;1.819882E-2
2.876667E1;-1.746025E-2;1.804890E-2
2.880000E1;-1.734942E-2;1.792346E-2
2.883333E1;-1.724536E-2;1.781960E-2
2.886667E1;-1.714987E-2;1.772688E-2
2.890000E1;-1.707841E-2;1.765897E-2
2.893333E1;-1.702935E-2;1.761525E-2
2.896667E1;-1.701082E-2;1.758943E-2
2.900000E1;-1.701018E-2;1.757647E-2
2.903333E1;-1.703378E-2;1.759640E-2
2.906667E1;-1.707920E-2;1.763891E-2
2.910000E1;-1.714348E-2;1.770009E-2
2.913333E1;-1.723047E-2;1.778068E-2
2.916667E1;-1.734332E-2;1.787908E-2
2.920000E1;-1.747505E-2;1.799288E-2
2.923333E1;-1.763012E-2;1.813187E-2
2.926667E1;-1.777480E-2;1.828687E-2
2.930000E1;-1.795641E-2;1.845291E-2
2.933333E1;-1.814711E-2;1.863598E-2
2.936667E1;-1.833529E-2;1.882563E-2
2.940000E1;-1.855277E-2;1.903306E-2
2.943333E1;-1.876229E-2;1.924907E-2
2.946667E1;-1.897959E-2;1.945790E-2
2.950000E1;-1.919631E-2;1.967074E-2
2.953333E1;-1.942524E-2;1.989476E-2
2.956667E1;-1.965395E-2;2.009464E-2
2.960000E1;-1.987279E-2;2.031045E-2
2.963333E1;-2.009527E-2;2.050764E-2
2.966667E1;-2.029929E-2;2.069258E-2
2.970000E1;-2.049637E-2;2.089578E-2
2.973333E1;-2.067862E-2;2.106431E-2
2.976667E1;-2.083426E-2;2.123791E-2
2.980000E1;-2.099018E-2;2.138996E-2
2.983333E1;-2.112076E-2;2.152251E-2
2.986667E1;-2.123657E-2;2.163835E-2
2.990000E1;-2.134674E-2;2.173814E-2
2.993333E1;-2.142450E-2;2.181229E-2
2.996667E1;-2.148363E-2;2.187485E-2
3.000000E1;-2.151764E-2;2.190705E-2
3.003333E1;-2.152900E-2;2.192486E-2
3.006667E1;-2.152136E-2;2.191165E-2
3.010000E1;-2.149055E-2;2.189753E-2
3.013333E1;-2.143132E-2;2.184063E-2
3.016667E1;-2.136338E-2;2.177158E-2
3.020000E1;-2.126653E-2;2.167673E-2
3.023333E1;-2.114075E-2;2.157737E-2
3.026667E1;-2.101398E-2;2.144497E-2
3.030000E1;-2.084984E-2;2.131132E-2
3.033333E1;-2.067656E-2;2.114037E-2
3.036667E1;-2.050158E-2;2.097901E-2
3.040000E1;-2.029180E-2;2.078608E-2
3.043333E1;-2.008642E-2;2.058661E-2
3.046667E1;-1.986954E-2;2.038601E-2
3.050000E1;-1.965851E-2;2.018852E-2
3.053333E1;-1.943692E-2;1.995773E-2
3.056667E1;-1.921263E-2;1.973269E-2
3.060000E1;-1.899049E-2;1.953063E-2
3.063333E1;-1.877574E-2;1.933060E-2
3.066667E1;-1.855640E-2;1.911740E-2
3.070000E1;-1.834673E-2;1.891846E-2
3.073333E1;-1.814344E-2;1.873625E-2
3.076667E1;-1.796299E-2;1.854544E-2
3.080000E1;-1.778639E-2;1.837052E-2
3.083333E1;-1.762264E-2;1.821139E-2
3.086667E1;-1.747449E-2;1.807928E-2
3.090000E1;-1.735980E-2;1.794823E-2
3.093333E1;-1.724323E-2;1.784548E-2
3.096667E1;-1.715309E-2;1.775757E-2
3.100000E1;-1.708523E-2;1.770016E-2
3.103333E1;-1.703755E-2;1.765286E-2
3.106667E1;-1.700931E-2;1.762165E-2
3.110000E1;-1.701366E-2;1.761825E-2
3.113333E1;-1.702631E-2;1.762732E-2
3.116667E1;-1.706479E-2;1.768108E-2
3.120000E1;-1.712583E-2;1.773716E-2
3.123333E1;-1.720978E-2;1.781376E-2
3.126667E1;-1.731034E-2;1.792101E-2
3.130000E1;-1.743674E-2;1.804217E-2
3.133333E1;-1.757228E-2;1.818283E-2
3.136667E1;-1.772320E-2;1.833187E-2
3.140000E1;-1.789015E-2;1.850963E-2
3.143333E1;-1.807151E-2;1.868236E-2
3.146667E1;-1.827060E-2;1.889015E-2
3.150000E1;-1.846460E-2;1.908786E-2
3.153333E1;-1.867191E-2;1.929079E-2
3.156667E1;-1.889073E-2;1.950043E-2
3.160000E1;-1.911817E-2;1.971094E-2
3.163333E1;-1.934584E-2;1.993216E-2
3.166667E1;-1.957107E-2;2.014124E-2
3.170000E1;-1.979575E-2;2.034761E-2
