#multi:
	mass A		mass B		
t	x	vx	x	vx	
0.000	-0.238		0.229	
0.017	-0.238	2.453E-2	0.229	6.013E-4
0.033	-0.237	2.454E-2	0.229	-7.177E-3
0.050	-0.237	2.945E-2	0.229	-1.242E-2
0.067	-0.236	3.695E-2	0.229	-1.814E-2
0.083	-0.236	4.364E-2	0.228	-2.209E-2
0.100	-0.235	4.811E-2	0.228	-2.492E-2
0.117	-0.234	4.926E-2	0.227	-3.123E-2
0.133	-0.233	5.725E-2	0.227	-3.447E-2
0.150	-0.232	6.447E-2	0.226	-3.676E-2
0.167	-0.231	6.455E-2	0.226	-4.187E-2
0.183	-0.230	6.940E-2	0.225	-4.803E-2
0.200	-0.229	7.631E-2	0.224	-5.344E-2
0.217	-0.228	8.046E-2	0.223	-6.341E-2
0.233	-0.226	8.233E-2	0.222	-6.257E-2
0.250	-0.225	8.922E-2	0.221	-6.194E-2
0.267	-0.223	9.375E-2	0.220	-6.974E-2
0.283	-0.222	9.281E-2	0.219	-7.472E-2
0.300	-0.220	0.100	0.217	-7.993E-2
0.317	-0.218	0.102	0.216	-8.316E-2
0.333	-0.217	0.104	0.215	-7.830E-2
0.350	-0.215	0.107	0.213	-8.004E-2
0.367	-0.213	0.109	0.212	-9.026E-2
0.383	-0.211	0.108	0.210	-8.965E-2
0.400	-0.210	0.109	0.209	-9.024E-2
0.417	-0.208	0.113	0.207	-9.139E-2
0.433	-0.206	0.112	0.206	-9.386E-2
0.450	-0.204	0.112	0.204	-9.841E-2
0.467	-0.202	0.111	0.203	-9.878E-2
0.483	-0.200	0.116	0.201	-9.969E-2
0.500	-0.198	0.116	0.199	-0.100
0.517	-0.196	0.113	0.198	-0.100
0.533	-0.194	0.118	0.196	-9.923E-2
0.550	-0.192	0.118	0.194	-9.700E-2
0.567	-0.191	0.114	0.193	-9.271E-2
0.583	-0.189	0.111	0.191	-9.544E-2
0.600	-0.187	0.112	0.190	-9.903E-2
0.617	-0.185	0.111	0.188	-9.135E-2
0.633	-0.183	0.103	0.187	-9.380E-2
0.650	-0.182	9.970E-2	0.185	-9.228E-2
0.667	-0.180	0.101	0.183	-8.674E-2
0.683	-0.178	9.576E-2	0.182	-8.770E-2
0.700	-0.177	9.308E-2	0.181	-8.287E-2
0.717	-0.175	9.081E-2	0.179	-7.856E-2
0.733	-0.174	8.435E-2	0.178	-7.481E-2
0.750	-0.172	7.910E-2	0.177	-7.227E-2
0.767	-0.171	7.780E-2	0.176	-7.203E-2
0.783	-0.170	7.262E-2	0.174	-6.930E-2
0.800	-0.169	6.766E-2	0.173	-6.368E-2
0.817	-0.167	6.475E-2	0.172	-6.054E-2
0.833	-0.166	5.902E-2	0.171	-5.621E-2
0.850	-0.165	5.222E-2	0.170	-5.387E-2
0.867	-0.165	5.267E-2	0.169	-5.073E-2
0.883	-0.164	4.980E-2	0.169	-4.436E-2
0.900	-0.163	3.880E-2	0.168	-4.145E-2
0.917	-0.162	3.219E-2	0.167	-3.948E-2
0.933	-0.162	2.879E-2	0.167	-3.400E-2
0.950	-0.161	2.438E-2	0.166	-2.597E-2
0.967	-0.161	1.653E-2	0.166	-1.835E-2
0.983	-0.161	1.222E-2	0.165	-1.550E-2
1.000	-0.161	4.850E-3	0.165	-1.504E-2
1.017	-0.161	-1.255E-3	0.165	-9.105E-3
1.033	-0.161	-3.500E-4	0.165	-2.279E-3
1.050	-0.161	-9.810E-3	0.165	5.299E-3
1.067	-0.161	-2.055E-2	0.165	8.911E-3
1.083	-0.161	-2.054E-2	0.165	1.004E-2
1.100	-0.162	-2.860E-2	0.165	1.560E-2
1.117	-0.162	-3.842E-2	0.166	1.784E-2
1.133	-0.163	-4.142E-2	0.166	2.282E-2
1.150	-0.164	-4.464E-2	0.166	3.284E-2
1.167	-0.164	-4.852E-2	0.167	3.399E-2
1.183	-0.165	-5.426E-2	0.168	4.066E-2
1.200	-0.166	-5.918E-2	0.168	4.349E-2
1.217	-0.167	-6.620E-2	0.169	4.437E-2
1.233	-0.168	-7.033E-2	0.170	5.340E-2
1.250	-0.170	-7.510E-2	0.171	5.870E-2
1.267	-0.171	-8.200E-2	0.172	6.009E-2
1.283	-0.172	-8.353E-2	0.173	6.142E-2
1.300	-0.174	-8.682E-2	0.174	6.615E-2
1.317	-0.175	-9.131E-2	0.175	6.814E-2
1.333	-0.177	-9.749E-2	0.176	7.660E-2
1.350	-0.179	-9.718E-2	0.178	8.066E-2
1.367	-0.180	-9.748E-2	0.179	7.814E-2
1.383	-0.182	-0.101	0.180	8.180E-2
1.400	-0.183	-0.103	0.182	8.664E-2
1.417	-0.185	-0.112	0.183	8.797E-2
1.433	-0.187	-0.111	0.185	8.935E-2
1.450	-0.189	-0.113	0.186	9.118E-2
1.467	-0.191	-0.118	0.188	8.965E-2
1.483	-0.193	-0.113	0.189	9.665E-2
1.500	-0.195	-0.111	0.191	9.715E-2
1.517	-0.197	-0.116	0.192	9.136E-2
1.533	-0.199	-0.117	0.194	9.359E-2
1.550	-0.200	-0.115	0.195	9.665E-2
1.567	-0.202	-0.114	0.197	9.587E-2
1.583	-0.204	-0.117	0.199	9.154E-2
1.600	-0.206	-0.118	0.200	9.189E-2
1.617	-0.208	-0.117	0.202	9.534E-2
1.633	-0.210	-0.119	0.203	9.205E-2
1.650	-0.212	-0.113	0.205	8.780E-2
1.667	-0.214	-0.103	0.206	9.208E-2
1.683	-0.216	-0.107	0.208	8.832E-2
1.700	-0.217	-0.114	0.209	8.421E-2
1.717	-0.219	-0.109	0.211	8.304E-2
1.733	-0.221	-9.805E-2	0.212	8.107E-2
1.750	-0.223	-9.385E-2	0.213	7.813E-2
1.767	-0.224	-9.346E-2	0.215	7.450E-2
1.783	-0.226	-9.209E-2	0.216	7.625E-2
1.800	-0.227	-8.613E-2	0.217	7.328E-2
1.817	-0.229	-8.401E-2	0.218	6.723E-2
1.833	-0.230	-8.086E-2	0.219	6.515E-2
1.850	-0.231	-7.183E-2	0.220	5.742E-2
1.867	-0.233	-6.871E-2	0.221	4.925E-2
1.883	-0.234	-6.695E-2	0.222	5.115E-2
1.900	-0.235	-5.783E-2	0.223	4.432E-2
1.917	-0.236	-5.080E-2	0.224	3.714E-2
1.933	-0.236	-4.850E-2	0.224	3.671E-2
1.950	-0.237	-3.969E-2	0.225	3.280E-2
1.967	-0.238	-3.764E-2	0.225	2.711E-2
1.983	-0.238	-3.124E-2	0.226	1.890E-2
2.000	-0.239	-2.574E-2	0.226	1.517E-2
2.017	-0.239	-2.619E-2	0.226	1.348E-2
2.033	-0.240	-1.688E-2	0.226	7.028E-3
2.050	-0.240	-1.306E-2	0.226	4.164E-3
2.067	-0.240	-6.727E-3	0.227	1.691E-3
2.083	-0.240	5.986E-5	0.226	-3.189E-3
2.100	-0.240	6.121E-3	0.226	-7.176E-3
2.117	-0.240	1.260E-2	0.226	-1.502E-2
2.133	-0.240	1.893E-2	0.226	-2.129E-2
2.150	-0.239	2.537E-2	0.226	-2.567E-2
2.167	-0.239	2.797E-2	0.225	-3.352E-2
2.183	-0.238	3.592E-2	0.224	-3.847E-2
2.200	-0.238	4.114E-2	0.224	-4.345E-2
2.217	-0.237	4.274E-2	0.223	-4.757E-2
2.233	-0.236	4.705E-2	0.222	-4.572E-2
2.250	-0.235	5.731E-2	0.221	-5.001E-2
2.267	-0.234	6.014E-2	0.221	-5.774E-2
2.283	-0.233	6.536E-2	0.220	-5.903E-2
2.300	-0.232	7.249E-2	0.219	-6.385E-2
2.317	-0.231	7.494E-2	0.217	-7.054E-2
2.333	-0.230	7.854E-2	0.216	-7.262E-2
2.350	-0.228	8.223E-2	0.215	-7.652E-2
2.367	-0.227	8.832E-2	0.214	-7.785E-2
2.383	-0.225	8.924E-2	0.212	-8.051E-2
2.400	-0.224	9.342E-2	0.211	-8.236E-2
2.417	-0.222	9.956E-2	0.210	-8.394E-2
2.433	-0.221	9.971E-2	0.208	-8.585E-2
2.450	-0.219	0.100	0.207	-9.060E-2
2.467	-0.217	0.104	0.205	-9.581E-2
2.483	-0.215	0.110	0.204	-9.412E-2
2.500	-0.214	0.111	0.202	-9.486E-2
2.517	-0.212	0.110	0.200	-9.813E-2
2.533	-0.210	0.113	0.199	-9.451E-2
2.550	-0.208	0.114	0.197	-9.446E-2
2.567	-0.206	0.117	0.196	-9.924E-2
2.583	-0.204	0.116	0.194	-9.565E-2
2.600	-0.202	0.111	0.192	-9.447E-2
2.617	-0.200	0.114	0.191	-9.770E-2
2.633	-0.198	0.116	0.189	-9.603E-2
2.650	-0.197	0.113	0.188	-9.120E-2
2.667	-0.195	0.111	0.186	-9.203E-2
2.683	-0.193	0.111	0.185	-9.417E-2
2.700	-0.191	0.106	0.183	-9.076E-2
2.717	-0.189	0.106	0.182	-8.979E-2
2.733	-0.187	0.110	0.180	-8.639E-2
2.750	-0.186	0.106	0.179	-7.998E-2
2.767	-0.184	0.103	0.177	-7.491E-2
2.783	-0.182	9.964E-2	0.176	-7.614E-2
2.800	-0.181	9.704E-2	0.175	-7.393E-2
2.817	-0.179	9.671E-2	0.174	-6.851E-2
2.833	-0.177	9.132E-2	0.172	-6.866E-2
2.850	-0.176	8.425E-2	0.171	-6.584E-2
2.867	-0.175	4.194E-2	0.170	-3.416E-2
2.883	-0.175	4.355E-2	0.170	-2.940E-2
2.900	-0.173	7.985E-2	0.169	-5.670E-2
2.917	-0.172	7.270E-2	0.168	-5.483E-2
2.933	-0.171	7.133E-2	0.167	-4.839E-2
2.950	-0.169	6.827E-2	0.167	-3.963E-2
2.967	-0.168	6.186E-2	0.166	-3.657E-2
2.983	-0.167	5.492E-2	0.166	-3.098E-2
3.000	-0.167	4.954E-2	0.165	-2.906E-2
3.017	-0.166	4.887E-2	0.165	-3.228E-2
3.033	-0.165	4.180E-2	0.164	-2.435E-2
3.050	-0.164	3.394E-2	0.164	-1.403E-2
3.067	-0.164	2.890E-2	0.164	-8.660E-3
3.083	-0.163	2.545E-2	0.163	-8.830E-3
3.100	-0.163	2.130E-2	0.163	-4.778E-3
3.117	-0.163	1.554E-2	0.163	2.722E-3
3.133	-0.162	7.896E-3	0.163	1.046E-2
3.150	-0.162	8.156E-4	0.164	1.814E-2
3.167	-0.162	-5.407E-4	0.164	1.996E-2
3.183	-0.162	-6.898E-3	0.164	2.301E-2
3.200	-0.163	-1.428E-2	0.165	2.878E-2
3.217	-0.163	-1.782E-2	0.165	3.094E-2
3.233	-0.163	-2.033E-2	0.166	3.658E-2
3.250	-0.164	-2.913E-2	0.166	4.337E-2
3.267	-0.164	-3.693E-2	0.167	4.466E-2
3.283	-0.165	-4.477E-2	0.168	5.278E-2
3.300	-0.166	-4.375E-2	0.169	5.800E-2
3.317	-0.166	-4.712E-2	0.170	6.301E-2
3.333	-0.167	-5.587E-2	0.171	6.797E-2
3.350	-0.168	-5.846E-2	0.172	6.698E-2
3.367	-0.169	-6.547E-2	0.173	6.991E-2
3.383	-0.170	-6.943E-2	0.175	7.454E-2
3.400	-0.172	-7.163E-2	0.176	7.841E-2
3.417	-0.173	-7.420E-2	0.177	8.120E-2
3.433	-0.174	-8.266E-2	0.179	8.338E-2
3.450	-0.175	-8.520E-2	0.180	8.793E-2
3.467	-0.177	-8.662E-2	0.181	9.130E-2
3.483	-0.178	-9.180E-2	0.183	9.364E-2
3.500	-0.180	-9.167E-2	0.185	9.754E-2
3.517	-0.181	-9.160E-2	0.186	9.736E-2
3.533	-0.183	-9.456E-2	0.188	9.969E-2
3.550	-0.185	-0.102	0.190	0.102
3.567	-0.186	-0.105	0.191	9.990E-2
3.583	-0.188	-0.102	0.193	9.990E-2
3.600	-0.190	-0.103	0.195	0.101
3.617	-0.191	-0.107	0.196	0.101
3.633	-0.193	-0.111	0.198	0.103
3.650	-0.195	-0.112	0.200	0.104
3.667	-0.197	-0.107	0.201	0.101
3.683	-0.199	-0.105	0.203	0.102
3.700	-0.201	-0.110	0.205	0.102
3.717	-0.202	-0.107	0.206	9.651E-2
3.733	-0.204	-0.105	0.208	9.739E-2
3.750	-0.206	-0.103	0.210	9.870E-2
3.767	-0.208	-0.101	0.211	9.168E-2
3.783	-0.209	-0.103	0.213	9.123E-2
3.800	-0.211	-0.103	0.214	9.139E-2
3.817	-0.213	-9.975E-2	0.216	8.703E-2
3.833	-0.214	-9.676E-2	0.217	8.581E-2
3.850	-0.216	-9.454E-2	0.219	8.501E-2
3.867	-0.217	-9.253E-2	0.220	7.532E-2
3.883	-0.219	-9.251E-2	0.221	6.512E-2
3.900	-0.221	-8.844E-2	0.222	6.738E-2
3.917	-0.222	-8.351E-2	0.223	7.056E-2
3.933	-0.223	-8.024E-2	0.225	6.651E-2
3.950	-0.225	-7.382E-2	0.226	5.819E-2
3.967	-0.226	-6.823E-2	0.227	5.229E-2
3.983	-0.227	-6.729E-2	0.227	4.856E-2
4.000	-0.228	-6.428E-2	0.228	4.266E-2
4.017	-0.229	-6.116E-2	0.229	3.372E-2
4.033	-0.230	-5.256E-2	0.229	3.151E-2
4.050	-0.231	-4.290E-2	0.230	3.127E-2
4.067	-0.232	-4.373E-2	0.230	2.474E-2
4.083	-0.232	-3.873E-2	0.231	1.605E-2
4.100	-0.233	-3.273E-2	0.231	1.416E-2
4.117	-0.233	-2.684E-2	0.231	1.015E-2
4.133	-0.234	-2.501E-2	0.231	1.068E-3
4.150	-0.234	-2.518E-2	0.231	-2.646E-3
4.167	-0.235	-1.513E-2	0.231	-6.231E-3
4.183	-0.235	-4.680E-3	0.231	-1.410E-2
4.200	-0.235	2.467E-3	0.231	-1.972E-2
4.217	-0.235	6.560E-3	0.230	-2.510E-2
4.233	-0.234	9.994E-3	0.230	-2.916E-2
4.250	-0.234	6.007E-3	0.229	-3.340E-2
4.267	-0.234	1.032E-2	0.229	-3.907E-2
4.283	-0.234	2.401E-2	0.228	-4.287E-2
4.300	-0.233	3.068E-2	0.227	-4.793E-2
4.317	-0.233	2.988E-2	0.226	-5.053E-2
4.333	-0.232	3.274E-2	0.226	-5.706E-2
4.350	-0.232	4.179E-2	0.225	-6.290E-2
4.367	-0.231	4.405E-2	0.223	-6.352E-2
4.383	-0.230	5.113E-2	0.222	-6.875E-2
4.400	-0.229	5.655E-2	0.221	-7.384E-2
4.417	-0.229	6.005E-2	0.220	-7.849E-2
4.433	-0.227	6.474E-2	0.219	-8.317E-2
4.450	-0.226	6.449E-2	0.217	-8.506E-2
4.467	-0.225	7.011E-2	0.216	-8.878E-2
4.483	-0.224	7.890E-2	0.214	-9.182E-2
4.500	-0.223	8.076E-2	0.213	-9.847E-2
4.517	-0.221	7.792E-2	0.211	-9.927E-2
4.533	-0.220	7.801E-2	0.209	-9.653E-2
4.550	-0.219	8.477E-2	0.208	-0.101
4.567	-0.217	8.996E-2	0.206	-0.103
4.583	-0.216	9.061E-2	0.204	-0.105
4.600	-0.214	9.552E-2	0.202	-0.105
4.617	-0.213	9.405E-2	0.201	-0.109
4.633	-0.211	9.375E-2	0.199	-0.112
4.650	-0.209	9.767E-2	0.197	-0.109
4.667	-0.208	9.737E-2	0.195	-0.113
4.683	-0.206	0.101	0.193	-0.112
4.700	-0.204	0.100	0.191	-0.111
4.717	-0.203	9.886E-2	0.190	-0.109
4.733	-0.201	0.101	0.188	-0.108
4.750	-0.199	0.100	0.186	-0.110
4.767	-0.198	0.100	0.184	-0.104
4.783	-0.196	9.598E-2	0.183	-0.100
4.800	-0.195	9.622E-2	0.181	-0.102
4.817	-0.193	9.728E-2	0.179	-0.102
4.833	-0.191	9.293E-2	0.177	-9.752E-2
4.850	-0.190	9.466E-2	0.176	-9.143E-2
4.867	-0.188	9.521E-2	0.174	-8.745E-2
4.883	-0.187	8.669E-2	0.173	-8.701E-2
4.900	-0.185	8.128E-2	0.171	-8.622E-2
4.917	-0.184	8.409E-2	0.170	-7.937E-2
4.933	-0.182	8.481E-2	0.169	-7.435E-2
4.950	-0.181	7.648E-2	0.168	-7.376E-2
4.967	-0.180	7.468E-2	0.166	-6.983E-2
4.983	-0.179	7.681E-2	0.165	-6.526E-2
5.000	-0.177	7.098E-2	0.164	-6.187E-2
5.017	-0.176	6.248E-2	0.163	-5.669E-2
5.033	-0.175	5.866E-2	0.162	-5.248E-2
5.050	-0.174	5.546E-2	0.161	-4.951E-2
5.067	-0.173	4.853E-2	0.161	-4.058E-2
5.083	-0.173	4.888E-2	0.160	-3.163E-2
5.100	-0.172	4.458E-2	0.160	-3.158E-2
5.117	-0.171	3.523E-2	0.159	-3.259E-2
5.133	-0.171	3.407E-2	0.159	-2.493E-2
5.150	-0.170	3.234E-2	0.158	-1.439E-2
5.167	-0.170	2.424E-2	0.158	-9.128E-3
5.183	-0.169	2.008E-2	0.158	-4.942E-3
5.200	-0.169	1.834E-2	0.158	-2.837E-4
5.217	-0.169	8.235E-3	0.158	5.714E-3
5.233	-0.169	7.108E-4	0.158	1.437E-2
5.250	-0.169	-2.687E-3	0.158	1.830E-2
5.267	-0.169	-6.847E-3	0.159	2.013E-2
5.283	-0.169	-8.125E-3	0.159	2.787E-2
5.300	-0.169	-1.442E-2	0.160	3.259E-2
5.317	-0.169	-2.124E-2	0.160	3.778E-2
5.333	-0.170	-2.785E-2	0.161	4.468E-2
5.350	-0.170	-2.934E-2	0.162	4.677E-2
5.367	-0.171	-2.878E-2	0.162	5.281E-2
5.383	-0.171	-3.870E-2	0.163	6.044E-2
5.400	-0.172	-4.105E-2	0.164	6.462E-2
5.417	-0.173	-4.343E-2	0.166	6.992E-2
5.433	-0.173	-5.548E-2	0.167	7.413E-2
5.450	-0.174	-5.825E-2	0.168	7.792E-2
5.467	-0.175	-5.691E-2	0.169	8.361E-2
5.483	-0.176	-6.317E-2	0.171	8.428E-2
5.500	-0.177	-6.689E-2	0.172	8.614E-2
5.517	-0.179	-6.791E-2	0.174	9.113E-2
5.533	-0.180	-7.183E-2	0.175	9.397E-2
5.550	-0.181	-7.791E-2	0.177	9.975E-2
5.567	-0.182	-8.283E-2	0.179	9.672E-2
5.583	-0.184	-8.238E-2	0.180	0.101
5.600	-0.185	-8.173E-2	0.182	0.108
5.617	-0.186	-8.622E-2	0.184	0.105
5.633	-0.188	-8.921E-2	0.185	0.110
5.650	-0.189	-8.913E-2	0.187	0.113
5.667	-0.191	-9.070E-2	0.189	0.112
5.683	-0.192	-9.189E-2	0.191	0.112
5.700	-0.194	-9.655E-2	0.193	0.113
5.717	-0.196	-9.148E-2	0.195	0.114
5.733	-0.197	-9.045E-2	0.197	0.115
5.750	-0.199	-9.740E-2	0.199	0.116
5.767	-0.200	-9.308E-2	0.201	0.110
5.783	-0.202	-9.243E-2	0.202	0.109
5.800	-0.203	-9.613E-2	0.204	0.112
5.817	-0.205	-9.216E-2	0.206	0.110
5.833	-0.206	-9.357E-2	0.208	0.107
5.850	-0.208	-9.105E-2	0.210	0.108
5.867	-0.209	-8.584E-2	0.211	0.107
5.883	-0.211	-9.068E-2	0.213	9.989E-2
5.900	-0.212	-8.498E-2	0.215	9.817E-2
5.917	-0.214	-8.324E-2	0.216	9.608E-2
5.933	-0.215	-8.245E-2	0.218	9.381E-2
5.950	-0.217	-7.779E-2	0.220	9.178E-2
5.967	-0.218	-7.589E-2	0.221	8.771E-2
5.983	-0.219	-7.134E-2	0.223	8.048E-2
6.000	-0.220	-6.835E-2	0.224	7.395E-2
6.017	-0.221	-6.756E-2	0.225	7.248E-2
6.033	-0.222	-6.608E-2	0.226	6.909E-2
6.050	-0.224	-5.902E-2	0.227	6.704E-2
6.067	-0.224	-5.408E-2	0.228	6.453E-2
6.083	-0.225	-4.967E-2	0.229	5.569E-2
6.100	-0.226	-4.269E-2	0.230	5.509E-2
6.117	-0.227	-4.548E-2	0.231	5.140E-2
6.133	-0.228	-4.352E-2	0.232	4.028E-2
6.150	-0.228	-3.494E-2	0.233	3.769E-2
6.167	-0.229	-2.813E-2	0.233	3.566E-2
6.183	-0.229	-2.104E-2	0.234	3.404E-2
6.200	-0.229	-2.044E-2	0.234	2.549E-2
6.217	-0.230	-1.642E-2	0.235	1.555E-2
6.233	-0.230	-1.061E-2	0.235	9.339E-3
6.250	-0.230	-8.043E-3	0.235	5.798E-4
6.267	-0.230	-1.938E-3	0.235	-4.693E-3
6.283	-0.230	4.500E-3	0.235	-7.227E-3
6.300	-0.230	1.024E-2	0.235	-1.369E-2
6.317	-0.230	1.576E-2	0.234	-1.661E-2
6.333	-0.230	1.497E-2	0.234	-2.201E-2
6.350	-0.229	1.988E-2	0.234	-3.171E-2
6.367	-0.229	2.636E-2	0.233	-3.787E-2
6.383	-0.229	3.161E-2	0.232	-4.066E-2
6.400	-0.228	3.901E-2	0.232	-4.875E-2
6.417	-0.227	4.111E-2	0.231	-5.098E-2
6.433	-0.227	4.418E-2	0.230	-5.616E-2
6.450	-0.226	4.982E-2	0.229	-6.373E-2
6.467	-0.225	5.141E-2	0.228	-6.161E-2
6.483	-0.224	5.390E-2	0.227	-6.928E-2
6.500	-0.223	6.028E-2	0.226	-7.837E-2
6.517	-0.222	6.003E-2	0.224	-8.215E-2
6.533	-0.221	6.741E-2	0.223	-8.018E-2
6.550	-0.220	7.501E-2	0.222	-8.372E-2
6.567	-0.219	7.377E-2	0.220	-9.218E-2
6.583	-0.217	7.767E-2	0.218	-9.432E-2
6.600	-0.216	8.040E-2	0.217	-9.600E-2
6.617	-0.215	8.303E-2	0.215	-9.575E-2
6.633	-0.213	8.260E-2	0.214	-9.816E-2
6.650	-0.212	8.013E-2	0.212	-0.111
6.667	-0.211	8.666E-2	0.210	-0.112
6.683	-0.209	9.244E-2	0.208	-0.104
6.700	-0.207	9.117E-2	0.207	-0.110
6.717	-0.206	9.264E-2	0.205	-0.110
6.733	-0.204	9.169E-2	0.203	-0.108
6.750	-0.203	9.001E-2	0.201	-0.111
6.767	-0.201	8.934E-2	0.199	-0.107
6.783	-0.200	9.207E-2	0.197	-0.112
6.800	-0.198	9.445E-2	0.195	-0.117
6.817	-0.197	9.253E-2	0.194	-0.110
6.833	-0.195	9.268E-2	0.192	-0.110
6.850	-0.194	9.265E-2	0.190	-0.109
6.867	-0.192	8.828E-2	0.188	-0.110
6.883	-0.191	8.351E-2	0.186	-0.110
6.900	-0.189	8.823E-2	0.184	-0.106
6.917	-0.188	8.728E-2	0.183	-0.107
6.933	-0.186	8.005E-2	0.181	-0.105
6.950	-0.185	7.964E-2	0.179	-0.104
6.967	-0.184	7.556E-2	0.177	-9.923E-2
6.983	-0.183	7.670E-2	0.176	-9.580E-2
7.000	-0.181	7.815E-2	0.174	-9.261E-2
7.017	-0.180	6.884E-2	0.173	-8.988E-2
7.033	-0.179	6.495E-2	0.171	-8.614E-2
7.050	-0.178	6.435E-2	0.170	-8.160E-2
7.067	-0.177	5.819E-2	0.169	-7.822E-2
7.083	-0.176	5.868E-2	0.167	-7.593E-2
7.100	-0.175	5.056E-2	0.166	-7.209E-2
7.117	-0.174	4.380E-2	0.165	-6.622E-2
7.133	-0.173	4.401E-2	0.164	-5.928E-2
7.150	-0.173	3.241E-2	0.163	-5.705E-2
7.167	-0.172	3.228E-2	0.162	-5.401E-2
7.183	-0.172	3.276E-2	0.161	-4.609E-2
7.200	-0.171	2.777E-2	0.160	-4.045E-2
7.217	-0.171	2.446E-2	0.160	-3.529E-2
7.233	-0.170	1.847E-2	0.159	-3.001E-2
7.250	-0.170	1.076E-2	0.159	-2.419E-2
7.267	-0.170	5.477E-3	0.158	-2.025E-2
7.283	-0.170	2.361E-3	0.158	-1.540E-2
7.300	-0.170	-3.450E-4	0.158	-7.766E-3
7.317	-0.170	-3.056E-3	0.158	-3.100E-3
7.333	-0.170	-1.204E-2	0.158	-1.539E-3
7.350	-0.170	-1.745E-2	0.158	8.219E-3
7.367	-0.171	-1.895E-2	0.158	1.418E-2
7.383	-0.171	-2.811E-2	0.158	1.611E-2
7.400	-0.172	-3.242E-2	0.159	2.575E-2
7.417	-0.172	-3.850E-2	0.159	2.641E-2
7.433	-0.173	-4.510E-2	0.159	2.952E-2
7.450	-0.174	-4.228E-2	0.160	4.361E-2
7.467	-0.174	-4.516E-2	0.161	4.758E-2
7.483	-0.175	-5.808E-2	0.162	4.908E-2
7.500	-0.176	-5.904E-2	0.163	5.260E-2
7.517	-0.177	-5.989E-2	0.163	5.612E-2
7.533	-0.178	-6.244E-2	0.164	6.549E-2
7.550	-0.179	-6.614E-2	0.166	7.049E-2
7.567	-0.180	-7.043E-2	0.167	6.948E-2
7.583	-0.182	-7.437E-2	0.168	7.417E-2
7.600	-0.183	-7.821E-2	0.169	7.941E-2
7.617	-0.184	-7.965E-2	0.171	8.145E-2
7.633	-0.186	-8.241E-2	0.172	8.786E-2
7.650	-0.187	-8.093E-2	0.173	9.107E-2
7.667	-0.188	-8.228E-2	0.175	9.236E-2
7.683	-0.190	-8.950E-2	0.177	9.566E-2
7.700	-0.191	-9.388E-2	0.178	9.962E-2
7.717	-0.193	-9.009E-2	0.180	0.105
7.733	-0.194	-9.138E-2	0.182	0.106
7.750	-0.196	-9.262E-2	0.183	0.102
7.767	-0.197	-9.564E-2	0.185	0.106
7.783	-0.199	-0.100	0.187	0.109
7.800	-0.201	-9.815E-2	0.189	0.106
7.817	-0.202	-9.172E-2	0.190	0.108
7.833	-0.204	-9.042E-2	0.192	0.115
7.850	-0.205	-9.493E-2	0.194	0.114
7.867	-0.207	-9.566E-2	0.196	0.108
7.883	-0.208	-8.873E-2	0.198	0.111
7.900	-0.210	-8.806E-2	0.200	0.110
7.917	-0.211	-9.460E-2	0.202	0.109
7.933	-0.213	-9.069E-2	0.203	0.112
7.950	-0.214	-8.656E-2	0.205	0.106
7.967	-0.216	-8.699E-2	0.207	9.778E-2
7.983	-0.217	-8.369E-2	0.209	9.887E-2
8.000	-0.219	-8.028E-2	0.210	0.103
8.017	-0.220	-7.834E-2	0.212	9.623E-2
8.033	-0.221	-7.593E-2	0.213	9.350E-2
8.050	-0.223	-7.182E-2	0.215	9.128E-2
8.067	-0.224	-7.154E-2	0.217	8.540E-2
8.083	-0.225	-6.963E-2	0.218	8.715E-2
8.100	-0.226	-6.236E-2	0.219	8.021E-2
8.117	-0.227	-5.283E-2	0.221	7.244E-2
8.133	-0.228	-5.196E-2	0.222	7.187E-2
8.150	-0.229	-5.302E-2	0.223	6.870E-2
8.167	-0.230	-4.524E-2	0.224	6.420E-2
8.183	-0.230	-3.882E-2	0.225	6.267E-2
8.200	-0.231	-3.398E-2	0.226	5.632E-2
8.217	-0.231	-3.139E-2	0.227	5.426E-2
8.233	-0.232	-2.545E-2	0.228	5.035E-2
8.250	-0.232	-1.828E-2	0.229	4.066E-2
8.267	-0.232	-1.798E-2	0.229	3.418E-2
8.283	-0.233	-1.058E-2	0.230	2.966E-2
8.300	-0.233	-2.752E-3	0.230	2.517E-2
8.317	-0.233	-3.775E-3	0.231	1.979E-2
8.333	-0.233	6.882E-3	0.231	1.734E-2
8.350	-0.233	1.015E-2	0.231	1.458E-2
8.367	-0.233	1.087E-2	0.232	7.385E-3
8.383	-0.232	1.759E-2	0.232	2.547E-3
8.400	-0.232	2.275E-2	0.232	7.091E-4
8.417	-0.232	3.408E-2	0.232	-8.899E-3
8.433	-0.231	3.867E-2	0.231	-1.556E-2
8.450	-0.230	3.543E-2	0.231	-1.949E-2
8.467	-0.230	4.468E-2	0.231	-2.009E-2
8.483	-0.229	5.077E-2	0.230	-2.530E-2
8.500	-0.228	4.966E-2	0.230	-3.629E-2
8.517	-0.227	5.497E-2	0.229	-4.218E-2
8.533	-0.226	5.936E-2	0.228	-4.535E-2
8.550	-0.225	6.401E-2	0.228	-4.563E-2
8.567	-0.224	6.819E-2	0.227	-5.338E-2
8.583	-0.223	7.175E-2	0.226	-5.957E-2
8.600	-0.222	7.589E-2	0.225	-6.415E-2
8.617	-0.220	7.917E-2	0.224	-6.992E-2
8.633	-0.219	8.495E-2	0.223	-6.766E-2
8.650	-0.217	8.864E-2	0.221	-6.942E-2
8.667	-0.216	8.402E-2	0.220	-7.820E-2
8.683	-0.215	8.583E-2	0.219	-8.191E-2
8.700	-0.213	8.869E-2	0.218	-8.507E-2
8.717	-0.212	9.507E-2	0.216	-8.984E-2
8.733	-0.210	9.719E-2	0.215	-8.657E-2
8.750	-0.208	9.583E-2	0.213	-9.084E-2
8.767	-0.207	0.101	0.211	-9.611E-2
8.783	-0.205	9.911E-2	0.210	-9.536E-2
8.800	-0.204	9.843E-2	0.208	-9.680E-2
8.817	-0.202	0.103	0.207	-9.852E-2
8.833	-0.200	0.102	0.205	-0.103
8.850	-0.198	9.935E-2	0.203	-0.104
8.867	-0.197	0.102	0.202	-0.102
8.883	-0.195	0.103	0.200	-0.106
8.900	-0.193	9.773E-2	0.198	-0.103
8.917	-0.192	0.100	0.196	-0.102
8.933	-0.190	0.104	0.195	-0.105
8.950	-0.188	9.511E-2	0.193	-0.102
8.967	-0.187	9.374E-2	0.191	-0.100
8.983	-0.185	9.280E-2	0.190	-0.100
9.000	-0.184	8.942E-2	0.188	-9.994E-2
9.017	-0.182	8.976E-2	0.186	-9.925E-2
9.033	-0.181	8.518E-2	0.185	-9.623E-2
9.050	-0.179	8.685E-2	0.183	-8.885E-2
9.067	-0.178	8.314E-2	0.182	-8.879E-2
9.083	-0.177	7.581E-2	0.180	-8.961E-2
9.100	-0.175	7.341E-2	0.179	-8.255E-2
9.117	-0.174	6.751E-2	0.177	-7.751E-2
9.133	-0.173	6.396E-2	0.176	-7.709E-2
9.150	-0.172	6.603E-2	0.175	-7.749E-2
9.167	-0.171	6.201E-2	0.173	-7.584E-2
9.183	-0.170	5.397E-2	0.172	-7.268E-2
9.200	-0.169	4.912E-2	0.171	-7.063E-2
9.217	-0.168	4.537E-2	0.170	-6.029E-2
9.233	-0.168	3.952E-2	0.169	-5.582E-2
9.250	-0.167	3.670E-2	0.168	-5.523E-2
9.267	-0.166	3.451E-2	0.167	-4.703E-2
9.283	-0.166	2.620E-2	0.166	-4.241E-2
9.300	-0.165	2.036E-2	0.166	-3.876E-2
9.317	-0.165	1.688E-2	0.165	-3.345E-2
9.333	-0.165	1.162E-2	0.165	-2.977E-2
9.350	-0.165	3.655E-3	0.164	-2.652E-2
9.367	-0.165	-4.035E-3	0.164	-1.878E-2
9.383	-0.165	-8.033E-3	0.164	-1.671E-2
9.400	-0.165	-9.607E-3	0.163	-1.093E-2
9.417	-0.165	-1.253E-2	0.163	-5.867E-4
9.433	-0.165	-1.935E-2	0.163	8.388E-4
9.450	-0.166	-2.378E-2	0.163	1.828E-3
9.467	-0.166	-2.750E-2	0.163	9.640E-3
9.483	-0.167	-3.877E-2	0.164	1.664E-2
9.500	-0.168	-4.195E-2	0.164	2.031E-2
9.517	-0.168	-4.345E-2	0.164	2.431E-2
9.533	-0.169	-4.872E-2	0.165	2.742E-2
9.550	-0.170	-5.608E-2	0.165	3.298E-2
9.567	-0.171	-6.198E-2	0.166	3.829E-2
9.583	-0.172	-6.001E-2	0.166	4.390E-2
9.600	-0.173	-6.516E-2	0.167	4.933E-2
9.617	-0.174	-7.844E-2	0.168	5.416E-2
9.633	-0.175	-7.930E-2	0.169	5.614E-2
9.650	-0.177	-7.758E-2	0.170	5.949E-2
9.667	-0.178	-8.237E-2	0.171	6.508E-2
9.683	-0.179	-8.584E-2	0.172	6.727E-2
9.700	-0.181	-9.739E-2	0.173	6.881E-2
9.717	-0.183	-9.915E-2	0.174	7.279E-2
9.733	-0.184	-9.392E-2	0.176	8.055E-2
9.750	-0.186	-0.100	0.177	8.216E-2
9.767	-0.188	-9.792E-2	0.178	7.986E-2
9.783	-0.189	-9.912E-2	0.180	8.005E-2
9.800	-0.191	-0.106	0.181	8.352E-2
9.817	-0.193	-0.111	0.183	8.894E-2
9.833	-0.195	-0.110	0.184	8.956E-2
9.850	-0.196	-0.104	0.186	9.019E-2
9.867	-0.198	-0.107	0.187	9.138E-2
9.883	-0.200	-0.108	0.189	9.527E-2
9.900	-0.202	-0.105	0.190	9.613E-2
9.917	-0.203	-0.108	0.192	9.504E-2
9.933	-0.205	-0.114	0.193	9.570E-2
9.950	-0.207	-0.109	0.195	9.715E-2
9.967	-0.209	-0.102	0.197	9.770E-2
9.983	-0.211	-0.102	0.198	9.483E-2
10.000	-0.212	-0.101	0.200	9.704E-2
10.017	-0.214	-0.101	0.201	9.274E-2
10.033	-0.216	-0.104	0.203	8.898E-2
10.050	-0.217	-0.101	0.204	9.174E-2
10.067	-0.219	-9.706E-2	0.206	8.833E-2
10.083	-0.221	-9.208E-2	0.207	8.500E-2
10.100	-0.222	-8.850E-2	0.209	8.742E-2
10.117	-0.224	-8.659E-2	0.210	8.542E-2
10.133	-0.225	-8.389E-2	0.212	8.338E-2
10.150	-0.226	-7.894E-2	0.213	7.907E-2
10.167	-0.228	-7.629E-2	0.214	7.186E-2
10.183	-0.229	-7.555E-2	0.215	7.132E-2
10.200	-0.230	-6.776E-2	0.217	7.135E-2
10.217	-0.231	-6.014E-2	0.218	6.775E-2
10.233	-0.232	-5.873E-2	0.219	6.153E-2
10.250	-0.233	-5.693E-2	0.220	5.834E-2
10.267	-0.234	-5.017E-2	0.221	5.311E-2
10.283	-0.235	-4.137E-2	0.222	4.988E-2
10.300	-0.235	-3.560E-2	0.222	4.410E-2
10.317	-0.236	-3.156E-2	0.223	3.919E-2
10.333	-0.236	-2.827E-2	0.224	3.527E-2
10.350	-0.237	-2.247E-2	0.224	2.907E-2
10.367	-0.237	-2.017E-2	0.225	2.496E-2
10.383	-0.238	-1.369E-2	0.225	2.276E-2
10.400	-0.238	-5.615E-3	0.226	2.031E-2
10.417	-0.238	8.149E-5	0.226	1.589E-2
10.433	-0.238	4.435E-3	0.226	1.056E-2
10.450	-0.238	6.769E-3	0.226	2.153E-3
10.467	-0.237	1.262E-2	0.226	-3.222E-3
10.483	-0.237	1.993E-2	0.226	-4.051E-3
10.500	-0.237	2.351E-2	0.226	-7.922E-3
10.517	-0.236	2.800E-2	0.226	-1.580E-2
10.533	-0.236	3.699E-2	0.225	-2.027E-2
10.550	-0.235	4.064E-2	0.225	-2.267E-2
10.567	-0.234	4.860E-2	0.225	-2.655E-2
10.583	-0.234	5.376E-2	0.224	-3.404E-2
10.600	-0.233	5.777E-2	0.224	-4.089E-2
10.617	-0.232	6.038E-2	0.223	-4.345E-2
10.633	-0.231	6.031E-2	0.222	-4.578E-2
10.650	-0.230	6.517E-2	0.221	-5.177E-2
10.667	-0.228	7.407E-2	0.220	-5.203E-2
10.683	-0.227	7.928E-2	0.220	-5.398E-2
10.700	-0.226	8.107E-2	0.219	-5.956E-2
10.717	-0.224	8.345E-2	0.218	-6.250E-2
10.733	-0.223	8.667E-2	0.217	-6.740E-2
10.750	-0.222	8.914E-2	0.215	-6.844E-2
10.767	-0.220	9.159E-2	0.214	-7.533E-2
10.783	-0.218	9.895E-2	0.213	-7.829E-2
10.800	-0.217	0.103	0.212	-7.769E-2
10.817	-0.215	9.925E-2	0.210	-8.119E-2
10.833	-0.213	0.101	0.209	-8.010E-2
10.850	-0.212	0.107	0.208	-8.414E-2
10.867	-0.210	0.108	0.206	-8.858E-2
10.883	-0.208	0.113	0.205	-8.565E-2
10.900	-0.206	0.115	0.203	-8.716E-2
10.917	-0.204	0.112	0.202	-9.302E-2
10.933	-0.202	0.112	0.200	-9.439E-2
10.950	-0.201	0.111	0.199	-9.548E-2
10.967	-0.199	0.111	0.197	-9.102E-2
10.983	-0.197	0.113	0.196	-8.825E-2
11.000	-0.195	0.113	0.194	-9.211E-2
11.017	-0.193	0.113	0.192	-9.026E-2
11.033	-0.191	0.110	0.191	-8.760E-2
11.050	-0.189	0.109	0.190	-8.829E-2
11.067	-0.188	0.107	0.188	-8.686E-2
11.083	-0.186	0.101	0.187	-8.513E-2
11.100	-0.184	9.578E-2	0.185	-8.511E-2
11.117	-0.183	9.870E-2	0.184	-8.532E-2
11.133	-0.181	9.532E-2	0.182	-8.009E-2
11.150	-0.179	8.632E-2	0.181	-7.741E-2
11.167	-0.178	9.050E-2	0.180	-7.469E-2
11.183	-0.176	9.225E-2	0.179	-6.939E-2
11.200	-0.175	8.434E-2	0.178	-6.794E-2
11.217	-0.174	7.819E-2	0.176	-6.791E-2
11.233	-0.172	7.306E-2	0.175	-6.737E-2
11.250	-0.171	6.853E-2	0.174	-6.131E-2
11.267	-0.170	6.660E-2	0.173	-5.447E-2
11.283	-0.169	6.693E-2	0.172	-5.011E-2
11.300	-0.168	5.629E-2	0.172	-4.791E-2
11.317	-0.167	4.973E-2	0.171	-4.672E-2
11.333	-0.166	4.988E-2	0.170	-4.131E-2
11.350	-0.165	4.404E-2	0.169	-3.558E-2
11.367	-0.165	3.554E-2	0.169	-3.211E-2
11.383	-0.164	2.966E-2	0.168	-2.825E-2
11.400	-0.164	3.133E-2	0.168	-2.395E-2
11.417	-0.163	2.544E-2	0.167	-1.741E-2
11.433	-0.163	1.589E-2	0.167	-1.171E-2
11.450	-0.163	1.388E-2	0.167	-1.162E-2
11.467	-0.162	8.924E-3	0.167	-6.762E-3
11.483	-0.162	8.696E-6	0.167	3.036E-3
11.500	-0.162	-6.185E-3	0.167	4.829E-3
11.517	-0.163	-1.043E-2	0.167	7.422E-3
11.533	-0.163	-1.174E-2	0.167	1.403E-2
11.550	-0.163	-1.571E-2	0.168	1.543E-2
11.567	-0.163	-2.485E-2	0.168	2.035E-2
11.583	-0.164	-3.204E-2	0.168	2.727E-2
11.600	-0.164	-3.599E-2	0.169	3.426E-2
11.617	-0.165	-4.168E-2	0.169	3.895E-2
11.633	-0.166	-4.532E-2	0.170	3.763E-2
11.650	-0.166	-4.886E-2	0.171	4.793E-2
11.667	-0.167	-5.243E-2	0.172	5.011E-2
11.683	-0.168	-5.950E-2	0.172	4.726E-2
11.700	-0.169	-6.491E-2	0.173	5.767E-2
11.717	-0.170	-7.004E-2	0.174	6.422E-2
11.733	-0.172	-7.745E-2	0.175	6.514E-2
11.750	-0.173	-7.916E-2	0.176	6.555E-2
11.767	-0.174	-7.907E-2	0.177	6.651E-2
11.783	-0.176	-8.228E-2	0.179	7.320E-2
11.800	-0.177	-8.554E-2	0.180	7.625E-2
11.817	-0.178	-8.812E-2	0.181	7.975E-2
11.833	-0.180	-9.132E-2	0.183	8.282E-2
11.850	-0.182	-9.816E-2	0.184	7.947E-2
11.867	-0.183	-9.869E-2	0.185	8.229E-2
11.883	-0.185	-9.812E-2	0.187	9.058E-2
11.900	-0.187	-0.106	0.188	8.675E-2
11.917	-0.188	-0.107	0.189	8.122E-2
11.933	-0.190	-0.106	0.191	8.795E-2
11.950	-0.192	-0.107	0.192	8.992E-2
11.967	-0.194	-0.106	0.194	9.164E-2
11.983	-0.195	-0.109	0.195	9.145E-2
12.000	-0.197	-0.110	0.197	8.691E-2
12.017	-0.199	-0.114	0.198	9.004E-2
12.033	-0.201	-0.115	0.200	8.835E-2
12.050	-0.203	-0.107	0.201	8.547E-2
12.067	-0.205	-0.110	0.203	9.058E-2
12.083	-0.207	-0.111	0.204	8.895E-2
12.100	-0.208	-0.106	0.206	8.476E-2
12.117	-0.210	-0.109	0.207	8.244E-2
12.133	-0.212	-0.106	0.209	8.510E-2
12.150	-0.214	-0.100	0.210	7.907E-2
12.167	-0.215	-9.968E-2	0.211	7.597E-2
12.183	-0.217	-0.101	0.213	7.878E-2
12.200	-0.219	-9.788E-2	0.214	7.021E-2
12.217	-0.220	-9.006E-2	0.215	7.002E-2
12.233	-0.222	-8.840E-2	0.216	6.943E-2
12.250	-0.223	-8.653E-2	0.217	6.435E-2
12.267	-0.225	-8.397E-2	0.218	6.192E-2
12.283	-0.226	-7.616E-2	0.219	6.002E-2
12.300	-0.227	-7.342E-2	0.220	5.848E-2
12.317	-0.228	-7.175E-2	0.221	4.726E-2
12.333	-0.230	-6.442E-2	0.222	4.318E-2
12.350	-0.231	-6.331E-2	0.223	4.937E-2
12.367	-0.232	-5.846E-2	0.223	4.132E-2
12.383	-0.233	-5.146E-2	0.224	3.257E-2
12.400	-0.233	-4.483E-2	0.225	3.048E-2
12.417	-0.234	-4.273E-2	0.225	2.429E-2
12.433	-0.235	-3.696E-2	0.225	2.121E-2
12.450	-0.235	-3.146E-2	0.226	1.642E-2
12.467	-0.236	-2.164E-2	0.226	9.776E-3
12.483	-0.236	-1.321E-2	0.226	4.499E-3
12.500	-0.236	-2.063E-2	0.226	1.738E-3
12.517	-0.237	-1.634E-2	0.226	-5.739E-4
12.533	-0.237	-8.555E-3	0.226	-8.116E-3
12.550	-0.237	-4.468E-3	0.226	-1.153E-2
12.567	-0.237	1.465E-3	0.226	-1.517E-2
12.583	-0.237	7.302E-3	0.225	-2.230E-2
12.600	-0.237	1.533E-2	0.225	-2.773E-2
12.617	-0.236	1.934E-2	0.224	-3.422E-2
12.633	-0.236	2.479E-2	0.224	-3.810E-2
12.650	-0.236	2.956E-2	0.223	-4.153E-2
12.667	-0.235	3.742E-2	0.222	-4.973E-2
12.683	-0.234	4.490E-2	0.222	-4.852E-2
12.700	-0.234	4.135E-2	0.221	-4.596E-2
12.717	-0.233	4.588E-2	0.220	-5.284E-2
12.733	-0.232	5.491E-2	0.219	-6.043E-2
12.750	-0.231	5.799E-2	0.218	-6.389E-2
12.767	-0.230	6.379E-2	0.217	-6.692E-2
12.783	-0.229	6.991E-2	0.216	-7.255E-2
12.800	-0.228	7.099E-2	0.214	-7.661E-2
12.817	-0.227	7.587E-2	0.213	-8.130E-2
12.833	-0.225	8.175E-2	0.212	-8.364E-2
12.850	-0.224	8.306E-2	0.210	-8.320E-2
12.867	-0.222	8.332E-2	0.209	-8.172E-2
12.883	-0.221	8.879E-2	0.208	-8.496E-2
12.900	-0.220	9.582E-2	0.206	-9.003E-2
12.917	-0.218	9.464E-2	0.205	-8.916E-2
12.933	-0.216	9.400E-2	0.203	-8.776E-2
12.950	-0.215	9.652E-2	0.202	-9.200E-2
12.967	-0.213	0.101	0.200	-9.578E-2
12.983	-0.211	0.102	0.199	-9.450E-2
13.000	-0.210	0.101	0.197	-9.665E-2
13.017	-0.208	0.104	0.195	-9.579E-2
13.033	-0.206	0.104	0.194	-9.418E-2
13.050	-0.205	0.103	0.192	-9.434E-2
13.067	-0.203	0.105	0.191	-9.319E-2
13.083	-0.201	0.106	0.189	-9.542E-2
13.100	-0.199	0.107	0.187	-9.352E-2
13.117	-0.198	0.106	0.186	-8.731E-2
13.133	-0.196	0.102	0.185	-8.821E-2
13.150	-0.194	0.101	0.183	-9.004E-2
13.167	-0.192	0.104	0.182	-9.115E-2
13.183	-0.191	0.103	0.180	-8.432E-2
13.200	-0.189	9.694E-2	0.179	-8.070E-2
13.217	-0.187	9.705E-2	0.177	-8.230E-2
13.233	-0.186	9.576E-2	0.176	-7.710E-2
13.250	-0.184	9.195E-2	0.175	-7.382E-2
13.267	-0.183	8.772E-2	0.174	-7.360E-2
13.283	-0.181	8.449E-2	0.172	-7.300E-2
13.300	-0.180	8.545E-2	0.171	-6.288E-2
13.317	-0.178	7.794E-2	0.170	-5.709E-2
13.333	-0.177	7.098E-2	0.169	-5.719E-2
13.350	-0.176	7.125E-2	0.168	-5.312E-2
13.367	-0.175	6.766E-2	0.167	-4.807E-2
13.383	-0.174	6.647E-2	0.167	-4.487E-2
13.400	-0.173	6.234E-2	0.166	-3.884E-2
13.417	-0.172	5.612E-2	0.165	-3.523E-2
13.433	-0.171	5.141E-2	0.165	-3.597E-2
13.450	-0.170	4.855E-2	0.164	-2.871E-2
13.467	-0.169	4.402E-2	0.164	-2.129E-2
13.483	-0.169	3.686E-2	0.163	-1.812E-2
13.500	-0.168	3.128E-2	0.163	-1.180E-2
13.517	-0.168	2.377E-2	0.163	-6.308E-3
13.533	-0.167	2.060E-2	0.163	7.613E-4
13.550	-0.167	1.932E-2	0.163	5.398E-3
13.567	-0.167	1.159E-2	0.163	7.994E-3
13.583	-0.166	6.924E-3	0.163	1.310E-2
13.600	-0.166	5.502E-3	0.164	1.990E-2
13.617	-0.166	-9.043E-4	0.164	2.425E-2
13.633	-0.166	-6.944E-3	0.164	2.582E-2
13.650	-0.167	-8.580E-3	0.165	3.319E-2
13.667	-0.167	-1.625E-2	0.166	4.108E-2
13.683	-0.167	-2.274E-2	0.166	4.261E-2
13.700	-0.167	-2.583E-2	0.167	4.430E-2
13.717	-0.168	-3.392E-2	0.168	4.958E-2
13.733	-0.169	-3.856E-2	0.169	5.437E-2
13.750	-0.169	-4.722E-2	0.170	5.866E-2
13.767	-0.170	-4.855E-2	0.171	6.819E-2
13.783	-0.171	-4.811E-2	0.172	6.869E-2
13.800	-0.172	-5.612E-2	0.173	6.506E-2
13.817	-0.173	-5.801E-2	0.174	7.102E-2
13.833	-0.174	-5.702E-2	0.175	7.635E-2
13.850	-0.175	-6.229E-2	0.177	8.042E-2
13.867	-0.176	-6.832E-2	0.178	8.262E-2
13.883	-0.177	-7.714E-2	0.179	8.983E-2
13.900	-0.178	-7.491E-2	0.181	8.882E-2
13.917	-0.179	-7.214E-2	0.182	8.932E-2
13.933	-0.181	-8.245E-2	0.184	9.385E-2
13.950	-0.182	-8.662E-2	0.185	9.576E-2
13.967	-0.184	-8.808E-2	0.187	9.891E-2
13.983	-0.185	-9.143E-2	0.189	9.800E-2
14.000	-0.187	-9.274E-2	0.190	0.100
14.017	-0.188	-9.296E-2	0.192	9.936E-2
14.033	-0.190	-9.076E-2	0.194	0.102
14.050	-0.191	-9.425E-2	0.195	0.104
14.067	-0.193	-0.101	0.197	9.908E-2
14.083	-0.195	-0.101	0.199	9.788E-2
14.100	-0.196	-9.723E-2	0.200	0.102
14.117	-0.198	-9.621E-2	0.202	0.105
14.133	-0.199	-9.728E-2	0.204	9.901E-2
14.150	-0.201	-9.713E-2	0.205	9.793E-2
14.167	-0.203	-9.552E-2	0.207	9.988E-2
14.183	-0.204	-9.787E-2	0.209	9.683E-2
14.200	-0.206	-9.762E-2	0.210	9.438E-2
14.217	-0.207	-9.151E-2	0.212	9.109E-2
14.233	-0.209	-9.193E-2	0.213	9.025E-2
14.250	-0.211	-9.144E-2	0.215	8.753E-2
14.267	-0.212	-8.973E-2	0.216	8.078E-2
14.283	-0.214	-8.745E-2	0.218	8.239E-2
14.300	-0.215	-8.377E-2	0.219	7.966E-2
14.317	-0.216	-8.454E-2	0.220	7.753E-2
14.333	-0.218	-8.026E-2	0.222	7.344E-2
14.350	-0.219	-7.424E-2	0.223	6.901E-2
14.367	-0.220	-7.420E-2	0.224	6.953E-2
14.383	-0.221	-7.013E-2	0.225	5.576E-2
14.400	-0.223	-6.707E-2	0.226	5.361E-2
14.417	-0.224	-6.154E-2	0.227	5.278E-2
14.433	-0.225	-6.102E-2	0.228	4.608E-2
14.450	-0.226	-6.060E-2	0.228	4.579E-2
14.467	-0.227	-4.844E-2	0.229	3.700E-2
14.483	-0.227	-4.126E-2	0.230	2.823E-2
14.500	-0.228	-4.153E-2	0.230	3.212E-2
14.517	-0.229	-4.195E-2	0.231	2.959E-2
14.533	-0.229	-3.616E-2	0.231	1.807E-2
14.550	-0.230	-3.055E-2	0.231	1.320E-2
14.567	-0.230	-2.545E-2	0.231	8.518E-3
14.583	-0.231	-1.953E-2	0.232	2.733E-3
14.600	-0.231	-1.208E-2	0.232	-1.976E-3
14.617	-0.231	-7.060E-3	0.231	-9.496E-3
14.633	-0.231	-5.617E-3	0.231	-1.725E-2
14.650	-0.231	-1.773E-3	0.231	-1.920E-2
14.667	-0.231	1.159E-3	0.231	-2.383E-2
14.683	-0.231	9.455E-3	0.230	-2.992E-2
14.700	-0.231	1.752E-2	0.230	-3.662E-2
14.717	-0.231	1.737E-2	0.229	-3.700E-2
14.733	-0.230	2.133E-2	0.228	-3.733E-2
14.750	-0.230	2.550E-2	0.228	-4.750E-2
14.767	-0.230	3.395E-2	0.227	-5.650E-2
14.783	-0.229	3.914E-2	0.226	-5.692E-2
14.800	-0.228	4.312E-2	0.225	-6.292E-2
14.817	-0.227	4.826E-2	0.224	-6.964E-2
14.833	-0.227	5.035E-2	0.223	-7.111E-2
14.850	-0.226	5.628E-2	0.221	-7.972E-2
14.867	-0.225	5.835E-2	0.220	-8.158E-2
14.883	-0.224	5.662E-2	0.219	-7.865E-2
14.900	-0.223	6.134E-2	0.217	-8.185E-2
14.917	-0.222	6.783E-2	0.216	-8.608E-2
14.933	-0.221	6.871E-2	0.214	-9.128E-2
14.950	-0.219	7.230E-2	0.213	-9.558E-2
14.967	-0.218	7.324E-2	0.211	-9.623E-2
14.983	-0.217	7.966E-2	0.210	-9.666E-2
15.000	-0.216	8.223E-2	0.208	-9.782E-2
15.017	-0.214	7.780E-2	0.206	-0.100
15.033	-0.213	8.467E-2	0.205	-0.104
15.050	-0.211	8.921E-2	0.203	-0.104
15.067	-0.210	8.519E-2	0.201	-0.104
15.083	-0.209	8.806E-2	0.199	-0.106
15.100	-0.207	9.215E-2	0.198	-0.108
15.117	-0.206	9.158E-2	0.196	-0.112
15.133	-0.204	9.339E-2	0.194	-0.110
15.150	-0.202	9.357E-2	0.192	-0.107
15.167	-0.201	9.137E-2	0.190	-0.106
15.183	-0.199	9.107E-2	0.189	-0.102
15.200	-0.198	9.074E-2	0.187	-0.101
15.217	-0.196	8.619E-2	0.185	-0.106
15.233	-0.195	8.656E-2	0.183	-0.102
15.250	-0.194	9.169E-2	0.182	-0.100
15.267	-0.192	8.771E-2	0.180	-9.889E-2
15.283	-0.191	8.257E-2	0.178	-9.605E-2
15.300	-0.189	8.259E-2	0.177	-9.346E-2
15.317	-0.188	8.231E-2	0.175	-9.369E-2
15.333	-0.186	7.663E-2	0.174	-8.764E-2
15.350	-0.185	7.464E-2	0.172	-7.951E-2
15.367	-0.184	7.332E-2	0.171	-7.406E-2
15.383	-0.183	6.900E-2	0.170	-7.532E-2
15.400	-0.182	6.739E-2	0.169	-7.650E-2
15.417	-0.181	6.703E-2	0.167	-6.392E-2
15.433	-0.179	6.209E-2	0.166	-5.909E-2
15.450	-0.179	5.951E-2	0.165	-6.461E-2
15.467	-0.177	5.695E-2	0.164	-5.921E-2
15.483	-0.177	5.083E-2	0.163	-5.052E-2
15.500	-0.176	4.546E-2	0.163	-4.951E-2
15.517	-0.175	3.996E-2	0.162	-3.990E-2
15.533	-0.174	4.027E-2	0.161	-3.380E-2
15.550	-0.174	3.840E-2	0.161	-3.292E-2
15.567	-0.173	3.057E-2	0.160	-2.538E-2
15.583	-0.173	2.132E-2	0.160	-2.151E-2
15.600	-0.172	2.090E-2	0.160	-1.525E-2
15.617	-0.172	2.144E-2	0.159	-1.101E-2
15.633	-0.172	1.116E-2	0.159	-7.585E-3
15.650	-0.172	4.315E-3	0.159	-1.837E-3
15.667	-0.172	-5.196E-4	0.159	2.140E-3
15.683	-0.172	-3.868E-3	0.159	8.729E-3
15.700	-0.172	-7.298E-3	0.159	1.461E-2
15.717	-0.172	-8.600E-3	0.160	1.852E-2
15.733	-0.172	-9.846E-3	0.160	2.546E-2
15.750	-0.172	-2.262E-2	0.161	3.127E-2
15.767	-0.173	-2.912E-2	0.161	3.179E-2
15.783	-0.173	-2.512E-2	0.162	4.117E-2
15.800	-0.174	-3.052E-2	0.162	5.121E-2
15.817	-0.174	-3.711E-2	0.163	5.390E-2
15.833	-0.175	-4.240E-2	0.164	5.322E-2
15.850	-0.176	-4.772E-2	0.165	5.466E-2
15.867	-0.176	-4.635E-2	0.166	6.155E-2
15.883	-0.177	-5.098E-2	0.167	6.675E-2
15.900	-0.178	-5.511E-2	0.168	7.590E-2
15.917	-0.179	-5.665E-2	0.170	7.673E-2
15.933	-0.180	-6.498E-2	0.171	7.790E-2
15.950	-0.181	-6.846E-2	0.172	8.519E-2
15.967	-0.182	-6.832E-2	0.174	8.533E-2
15.983	-0.183	-7.102E-2	0.175	9.290E-2
16.000	-0.185	-7.502E-2	0.177	9.722E-2
16.017	-0.186	-7.809E-2	0.178	9.065E-2
16.033	-0.187	-7.895E-2	0.180	9.731E-2
16.050	-0.189	-8.146E-2	0.182	0.103
16.067	-0.190	-8.207E-2	0.183	9.949E-2
16.083	-0.191	-7.789E-2	0.185	0.104
16.100	-0.193	-8.149E-2	0.187	0.107
16.117	-0.194	-8.921E-2	0.188	0.105
16.133	-0.196	-8.548E-2	0.190	0.104
16.150	-0.197	-8.386E-2	0.192	0.106
16.167	-0.198	-8.812E-2	0.194	0.109
16.183	-0.200	-9.034E-2	0.196	0.109
16.200	-0.201	-9.058E-2	0.197	0.110
16.217	-0.203	-8.793E-2	0.199	0.110
16.233	-0.204	-8.456E-2	0.201	0.109
16.250	-0.206	-9.045E-2	0.203	0.109
16.267	-0.207	-8.457E-2	0.205	0.109
16.283	-0.209	-7.848E-2	0.207	0.106
16.300	-0.210	-8.379E-2	0.208	0.101
16.317	-0.211	-8.350E-2	0.210	0.101
16.333	-0.213	-8.228E-2	0.212	9.784E-2
16.350	-0.214	-8.063E-2	0.213	9.546E-2
16.367	-0.215	-7.702E-2	0.215	9.048E-2
16.383	-0.217	-6.923E-2	0.216	8.605E-2
16.400	-0.218	-6.777E-2	0.218	8.960E-2
16.417	-0.219	-6.969E-2	0.219	8.606E-2
16.433	-0.220	-6.793E-2	0.220	8.100E-2
16.450	-0.221	-5.863E-2	0.222	7.622E-2
16.467	-0.222	-5.607E-2	0.223	7.140E-2
16.483	-0.223	-5.483E-2	0.224	6.628E-2
16.500	-0.224	-4.703E-2	0.225	6.569E-2
16.517	-0.225	-4.732E-2	0.226	6.558E-2
16.533	-0.225	-3.984E-2	0.227	5.431E-2
16.550	-0.226	-3.323E-2	0.228	5.013E-2
16.567	-0.227	-3.479E-2	0.229	4.902E-2
16.583	-0.227	-3.058E-2	0.230	4.074E-2
16.600	-0.228	-2.751E-2	0.230	3.588E-2
16.617	-0.228	-1.957E-2	0.231	3.259E-2
16.633	-0.228	-1.497E-2	0.232	2.719E-2
16.650	-0.228	-1.207E-2	0.232	2.282E-2
16.667	-0.229	-6.204E-3	0.232	1.623E-2
16.683	-0.229	-4.494E-3	0.232	1.254E-2
16.700	-0.229	-1.752E-3	0.233	1.021E-2
16.717	-0.229	4.985E-3	0.233	2.904E-3
16.733	-0.229	1.279E-2	0.233	-6.997E-3
16.750	-0.228	2.012E-2	0.233	-9.649E-3
16.767	-0.228	2.591E-2	0.232	-1.218E-2
16.783	-0.227	2.358E-2	0.232	-1.767E-2
16.800	-0.227	2.774E-2	0.232	-2.292E-2
16.817	-0.227	3.390E-2	0.231	-2.932E-2
16.833	-0.226	3.861E-2	0.231	-3.614E-2
16.850	-0.225	4.095E-2	0.230	-4.251E-2
16.867	-0.225	4.142E-2	0.229	-4.675E-2
16.883	-0.224	4.793E-2	0.229	-5.266E-2
16.900	-0.223	5.189E-2	0.228	-5.766E-2
16.917	-0.222	5.288E-2	0.227	-6.253E-2
16.933	-0.221	5.781E-2	0.226	-6.198E-2
16.950	-0.220	6.349E-2	0.225	-6.698E-2
16.967	-0.219	6.506E-2	0.223	-7.429E-2
16.983	-0.218	6.991E-2	0.222	-7.680E-2
17.000	-0.217	7.582E-2	0.221	-7.855E-2
17.017	-0.216	7.486E-2	0.220	-7.898E-2
17.033	-0.214	7.886E-2	0.218	-8.625E-2
17.050	-0.213	8.427E-2	0.217	-9.030E-2
17.067	-0.211	8.047E-2	0.215	-9.107E-2
17.083	-0.210	8.153E-2	0.214	-9.167E-2
17.100	-0.209	8.250E-2	0.212	-9.645E-2
17.117	-0.207	8.439E-2	0.210	-0.101
17.133	-0.206	9.008E-2	0.209	-0.103
17.150	-0.204	8.582E-2	0.207	-0.102
17.167	-0.203	8.465E-2	0.205	-0.104
17.183	-0.202	8.807E-2	0.204	-0.107
17.200	-0.200	8.911E-2	0.202	-0.106
17.217	-0.199	9.234E-2	0.200	-0.106
17.233	-0.197	8.723E-2	0.198	-0.110
17.250	-0.196	8.251E-2	0.196	-0.109
17.267	-0.194	9.003E-2	0.195	-0.107
17.283	-0.193	8.916E-2	0.193	-0.104
17.300	-0.191	8.231E-2	0.191	-0.101
17.317	-0.190	8.261E-2	0.189	-0.105
17.333	-0.189	8.342E-2	0.188	-0.105
17.350	-0.187	8.360E-2	0.186	-0.101
17.367	-0.186	7.809E-2	0.184	-9.801E-2
17.383	-0.185	7.340E-2	0.183	-9.782E-2
17.400	-0.183	7.677E-2	0.181	-9.229E-2
17.417	-0.182	7.103E-2	0.180	-9.325E-2
17.433	-0.181	6.359E-2	0.178	-9.285E-2
17.450	-0.180	6.765E-2	0.177	-8.695E-2
17.467	-0.179	6.594E-2	0.175	-8.638E-2
17.483	-0.178	5.518E-2	0.174	-7.876E-2
17.500	-0.177	5.780E-2	0.172	-7.299E-2
17.517	-0.176	5.924E-2	0.171	-7.114E-2
17.533	-0.175	5.065E-2	0.170	-6.965E-2
17.550	-0.174	4.335E-2	0.169	-6.871E-2
17.567	-0.174	3.886E-2	0.168	-6.189E-2
17.583	-0.173	3.543E-2	0.167	-5.602E-2
17.600	-0.172	3.148E-2	0.166	-5.466E-2
17.617	-0.172	2.918E-2	0.165	-4.933E-2
17.633	-0.171	2.531E-2	0.164	-4.211E-2
17.650	-0.171	2.003E-2	0.164	-3.817E-2
17.667	-0.171	1.497E-2	0.163	-3.824E-2
17.683	-0.170	8.496E-3	0.162	-3.290E-2
17.700	-0.170	6.833E-3	0.162	-2.327E-2
17.717	-0.170	4.360E-3	0.162	-1.922E-2
17.733	-0.170	-4.905E-3	0.161	-1.544E-2
17.750	-0.170	-1.286E-2	0.161	-9.101E-3
17.767	-0.171	-1.085E-2	0.161	-2.950E-3
17.783	-0.171	-1.079E-2	0.161	-8.486E-4
17.800	-0.171	-2.140E-2	0.161	4.640E-3
17.817	-0.171	-2.536E-2	0.161	8.556E-3
17.833	-0.172	-3.013E-2	0.161	1.494E-2
17.850	-0.172	-3.461E-2	0.162	2.168E-2
17.867	-0.173	-3.925E-2	0.162	2.735E-2
17.883	-0.174	-4.600E-2	0.163	3.696E-2
17.900	-0.175	-4.563E-2	0.163	3.964E-2
17.917	-0.175	-4.856E-2	0.164	4.084E-2
17.933	-0.176	-5.718E-2	0.165	4.740E-2
17.950	-0.177	-6.428E-2	0.165	4.814E-2
17.967	-0.178	-6.899E-2	0.166	5.427E-2
17.983	-0.179	-6.732E-2	0.167	6.052E-2
18.000	-0.181	-6.613E-2	0.168	6.039E-2
18.017	-0.182	-7.280E-2	0.169	6.885E-2
18.033	-0.183	-7.721E-2	0.170	7.018E-2
18.050	-0.184	-7.700E-2	0.172	7.272E-2
18.067	-0.186	-8.031E-2	0.173	7.387E-2
18.083	-0.187	-8.142E-2	0.174	7.817E-2
18.100	-0.188	-8.516E-2	0.175	8.541E-2
18.117	-0.190	-8.805E-2	0.177	8.647E-2
18.133	-0.191	-8.752E-2	0.178	8.952E-2
18.150	-0.193	-8.963E-2	0.180	9.062E-2
18.167	-0.194	-9.456E-2	0.181	9.377E-2
18.183	-0.196	-9.546E-2	0.183	9.470E-2
18.200	-0.197	-9.377E-2	0.185	9.396E-2
18.217	-0.199	-9.559E-2	0.186	9.661E-2
18.233	-0.201	-9.498E-2	0.188	9.797E-2
18.250	-0.202	-9.592E-2	0.189	9.860E-2
18.267	-0.204	-0.100	0.191	0.102
18.283	-0.205	-9.465E-2	0.193	0.100
18.300	-0.207	-9.374E-2	0.194	9.718E-2
18.317	-0.209	-9.357E-2	0.196	0.100
18.333	-0.210	-8.937E-2	0.198	0.101
18.350	-0.212	-9.358E-2	0.199	9.686E-2
18.367	-0.213	-8.711E-2	0.201	9.843E-2
18.383	-0.214	-8.369E-2	0.203	9.836E-2
18.400	-0.216	-8.568E-2	0.204	9.315E-2
18.417	-0.217	-8.514E-2	0.206	9.307E-2
18.433	-0.219	-8.152E-2	0.207	9.215E-2
18.450	-0.220	-7.999E-2	0.209	9.034E-2
18.467	-0.221	-7.516E-2	0.210	9.012E-2
18.483	-0.223	-7.091E-2	0.212	8.372E-2
18.500	-0.224	-7.292E-2	0.213	7.687E-2
18.517	-0.225	-6.968E-2	0.214	7.827E-2
18.533	-0.226	-6.232E-2	0.216	7.835E-2
18.550	-0.227	-5.592E-2	0.217	7.720E-2
18.567	-0.228	-5.419E-2	0.218	7.566E-2
18.583	-0.229	-5.148E-2	0.220	6.948E-2
18.600	-0.230	-4.150E-2	0.221	6.355E-2
18.617	-0.230	-3.587E-2	0.222	5.833E-2
18.633	-0.231	-3.748E-2	0.223	5.458E-2
18.650	-0.232	-3.422E-2	0.223	5.350E-2
18.667	-0.232	-2.494E-2	0.224	4.688E-2
18.683	-0.232	-2.191E-2	0.225	3.585E-2
18.700	-0.233	-1.983E-2	0.226	3.165E-2
18.717	-0.233	-1.184E-2	0.226	3.246E-2
18.733	-0.233	-9.246E-3	0.227	2.918E-2
18.750	-0.233	-3.167E-3	0.227	2.257E-2
18.767	-0.233	5.258E-3	0.227	1.966E-2
18.783	-0.233	3.348E-3	0.228	1.458E-2
18.800	-0.233	1.242E-2	0.228	8.759E-3
18.817	-0.233	1.984E-2	0.228	4.440E-3
18.833	-0.233	2.102E-2	0.228	-3.727E-3
18.850	-0.232	2.651E-2	0.228	-8.403E-3
18.867	-0.232	2.979E-2	0.228	-8.953E-3
18.883	-0.231	3.712E-2	0.228	-1.094E-2
18.900	-0.230	4.321E-2	0.227	-1.835E-2
18.917	-0.230	4.804E-2	0.227	-2.686E-2
18.933	-0.229	4.930E-2	0.226	-2.843E-2
18.950	-0.228	5.407E-2	0.226	-3.418E-2
18.967	-0.227	5.691E-2	0.225	-4.101E-2
18.983	-0.226	6.103E-2	0.225	-4.306E-2
19.000	-0.225	6.478E-2	0.224	-4.271E-2
19.017	-0.224	6.696E-2	0.223	-4.967E-2
19.033	-0.223	7.378E-2	0.222	-5.169E-2
19.050	-0.221	7.745E-2	0.222	-5.486E-2
19.067	-0.220	8.120E-2	0.220	-6.292E-2
19.083	-0.219	8.222E-2	0.219	-6.752E-2
19.100	-0.217	8.543E-2	0.218	-7.281E-2
19.117	-0.216	9.245E-2	0.217	-7.191E-2
19.133	-0.214	9.365E-2	0.216	-7.331E-2
19.150	-0.213	9.051E-2	0.215	-7.188E-2
19.167	-0.211	9.315E-2	0.213	-8.094E-2
19.183	-0.210	9.711E-2	0.212	-8.870E-2
19.200	-0.208	9.480E-2	0.210	-8.367E-2
19.217	-0.207	9.689E-2	0.209	-8.604E-2
19.233	-0.205	0.101	0.208	-8.926E-2
19.250	-0.203	0.102	0.206	-8.897E-2
19.267	-0.201	0.101	0.205	-8.928E-2
19.283	-0.200	0.102	0.203	-9.158E-2
19.300	-0.198	0.102	0.202	-9.279E-2
19.317	-0.196	9.793E-2	0.200	-9.306E-2
19.333	-0.195	9.635E-2	0.198	-9.544E-2
19.350	-0.193	0.101	0.197	-9.218E-2
19.367	-0.191	9.959E-2	0.195	-9.096E-2
19.383	-0.190	9.617E-2	0.194	-9.433E-2
19.400	-0.188	9.672E-2	0.192	-9.106E-2
19.417	-0.187	9.241E-2	0.191	-9.086E-2
19.433	-0.185	9.181E-2	0.189	-9.007E-2
19.450	-0.184	9.104E-2	0.188	-8.840E-2
19.467	-0.182	8.630E-2	0.186	-9.049E-2
19.483	-0.181	8.610E-2	0.185	-8.458E-2
19.500	-0.179	8.117E-2	0.183	-7.968E-2
19.517	-0.178	7.868E-2	0.182	-8.379E-2
19.533	-0.177	7.455E-2	0.181	-8.051E-2
19.550	-0.175	6.900E-2	0.179	-7.663E-2
19.567	-0.174	7.027E-2	0.178	-7.287E-2
19.583	-0.173	6.643E-2	0.177	-6.720E-2
19.600	-0.172	6.093E-2	0.176	-6.891E-2
19.617	-0.171	5.360E-2	0.175	-6.461E-2
19.633	-0.170	5.040E-2	0.174	-6.044E-2
19.650	-0.169	5.057E-2	0.173	-5.627E-2
19.667	-0.169	4.236E-2	0.172	-5.202E-2
19.683	-0.168	3.596E-2	0.171	-4.902E-2
19.700	-0.167	3.465E-2	0.170	-4.298E-2
19.717	-0.167	2.996E-2	0.170	-3.772E-2
19.733	-0.166	2.641E-2	0.169	-3.628E-2
19.750	-0.166	2.003E-2	0.168	-3.597E-2
19.767	-0.166	7.837E-3	0.168	-1.755E-2
19.783	-0.166	8.479E-3	0.168	-1.073E-2
19.800	-0.165	7.474E-3	0.167	-2.005E-2
19.817	-0.165	-4.404E-4	0.167	-1.653E-2
19.833	-0.165	-1.555E-3	0.167	-1.197E-2
19.850	-0.166	-6.063E-3	0.167	-1.034E-2
19.867	-0.166	-1.206E-2	0.166	-5.628E-3
19.883	-0.166	-1.337E-2	0.166	-4.844E-4
19.900	-0.166	-2.182E-2	0.166	6.183E-4
19.917	-0.167	-2.562E-2	0.166	8.571E-3
19.933	-0.167	-2.697E-2	0.167	1.654E-2
19.950	-0.168	-3.852E-2	0.167	1.754E-2
19.967	-0.168	-4.129E-2	0.167	1.746E-2
19.983	-0.169	-4.031E-2	0.168	2.546E-2
20.000	-0.170	-4.654E-2	0.168	3.473E-2
20.017	-0.170	-5.599E-2	0.169	3.626E-2
20.033	-0.171	-5.819E-2	0.169	3.917E-2
20.050	-0.172	-5.839E-2	0.170	4.600E-2
20.067	-0.173	-6.819E-2	0.171	4.987E-2
20.083	-0.175	-7.928E-2	0.172	5.166E-2
20.100	-0.176	-8.237E-2	0.173	5.331E-2
20.117	-0.177	-7.668E-2	0.174	5.200E-2
20.133	-0.179	-7.654E-2	0.174	5.909E-2
20.150	-0.180	-8.475E-2	0.175	6.977E-2
20.167	-0.181	-8.895E-2	0.177	7.138E-2
20.183	-0.183	-9.370E-2	0.178	6.725E-2
20.200	-0.185	-9.558E-2	0.179	7.166E-2
20.217	-0.186	-9.482E-2	0.180	7.502E-2
20.233	-0.188	-0.100	0.181	7.518E-2
20.250	-0.189	-0.101	0.183	7.661E-2
20.267	-0.191	-9.967E-2	0.184	7.720E-2
20.283	-0.193	-0.103	0.185	8.072E-2
20.300	-0.195	-0.105	0.187	8.423E-2
20.317	-0.196	-0.101	0.188	8.606E-2
20.333	-0.198	-0.103	0.190	8.348E-2
20.350	-0.200	-0.107	0.191	8.618E-2
20.367	-0.201	-0.106	0.192	8.999E-2
20.383	-0.203	-0.106	0.194	8.662E-2
20.400	-0.205	-0.106	0.195	8.867E-2
20.417	-0.207	-0.106	0.197	9.258E-2
20.433	-0.209	-0.101	0.198	9.226E-2
20.450	-0.210	-9.666E-2	0.200	8.589E-2
20.467	-0.212	-0.103	0.201	8.525E-2
20.483	-0.214	-0.100	0.203	8.368E-2
20.500	-0.215	-9.369E-2	0.204	8.249E-2
20.517	-0.217	-9.511E-2	0.206	8.552E-2
20.533	-0.218	-9.294E-2	0.207	7.617E-2
20.550	-0.220	-9.139E-2	0.208	7.408E-2
20.567	-0.221	-8.716E-2	0.209	7.556E-2
20.583	-0.223	-8.279E-2	0.211	7.159E-2
20.600	-0.224	-8.188E-2	0.212	7.019E-2
20.617	-0.225	-7.549E-2	0.213	6.880E-2
20.633	-0.227	-6.980E-2	0.214	6.624E-2
20.650	-0.228	-7.208E-2	0.215	6.439E-2
20.667	-0.229	-6.895E-2	0.216	5.680E-2
20.683	-0.230	-5.949E-2	0.217	5.378E-2
20.700	-0.231	-5.479E-2	0.218	5.220E-2
20.717	-0.232	-5.269E-2	0.219	4.730E-2
20.733	-0.233	-4.594E-2	0.220	4.747E-2
20.750	-0.233	-3.964E-2	0.220	4.380E-2
20.767	-0.234	-3.559E-2	0.221	3.557E-2
20.783	-0.235	-3.417E-2	0.222	3.277E-2
20.800	-0.235	-3.068E-2	0.222	3.341E-2
20.817	-0.236	-2.306E-2	0.223	2.537E-2
20.833	-0.236	-1.714E-2	0.223	1.867E-2
20.850	-0.236	-1.697E-2	0.223	1.716E-2
20.867	-0.237	-8.477E-3	0.224	1.134E-2
20.883	-0.236	-3.453E-4	0.224	3.873E-3
20.900	-0.237	-1.792E-4	0.224	-5.027E-4
20.917	-0.236	1.141E-2	0.224	-3.030E-3
20.933	-0.236	1.191E-2	0.224	-5.620E-3
20.950	-0.236	1.265E-2	0.223	-9.857E-3
20.967	-0.236	2.105E-2	0.223	-1.526E-2
20.983	-0.235	3.082E-2	0.223	-2.137E-2
21.000	-0.235	3.959E-2	0.223	-2.442E-2
21.017	-0.234	3.825E-2	0.222	-2.741E-2
21.033	-0.233	4.170E-2	0.222	-3.292E-2
21.050	-0.233	4.650E-2	0.221	-3.765E-2
21.067	-0.232	4.938E-2	0.220	-4.135E-2
21.083	-0.231	5.888E-2	0.220	-4.425E-2
21.100	-0.230	6.431E-2	0.219	-4.853E-2
21.117	-0.229	6.305E-2	0.218	-5.526E-2
21.133	-0.228	6.667E-2	0.217	-5.776E-2
21.150	-0.227	7.459E-2	0.216	-5.493E-2
21.167	-0.225	8.058E-2	0.215	-5.792E-2
21.183	-0.224	7.824E-2	0.214	-6.538E-2
21.200	-0.223	8.113E-2	0.213	-6.816E-2
21.217	-0.221	8.851E-2	0.212	-7.014E-2
21.233	-0.220	8.869E-2	0.211	-7.602E-2
21.250	-0.218	9.591E-2	0.209	-7.937E-2
21.267	-0.217	9.801E-2	0.208	-7.697E-2
21.283	-0.215	8.952E-2	0.207	-7.689E-2
21.300	-0.214	9.658E-2	0.205	-8.242E-2
21.317	-0.212	0.103	0.204	-8.411E-2
21.333	-0.210	0.102	0.203	-8.200E-2
21.350	-0.208	0.100	0.201	-8.473E-2
21.367	-0.207	0.107	0.200	-8.686E-2
21.383	-0.205	0.110	0.198	-8.729E-2
21.400	-0.203	0.103	0.197	-8.639E-2
21.417	-0.201	0.104	0.196	-8.335E-2
21.433	-0.200	0.103	0.194	-8.444E-2
21.450	-0.198	0.103	0.193	-8.734E-2
21.467	-0.196	0.106	0.191	-8.801E-2
21.483	-0.194	0.106	0.190	-7.832E-2
21.500	-0.193	0.102	0.189	-7.808E-2
21.517	-0.191	9.977E-2	0.187	-8.303E-2
21.533	-0.189	0.102	0.186	-8.337E-2
21.550	-0.188	9.748E-2	0.184	-8.097E-2
21.567	-0.186	9.438E-2	0.183	-7.585E-2
21.583	-0.185	9.599E-2	0.182	-7.532E-2
21.600	-0.183	9.274E-2	0.181	-7.159E-2
21.617	-0.181	9.272E-2	0.180	-7.041E-2
21.633	-0.180	8.938E-2	0.178	-6.841E-2
21.650	-0.178	8.289E-2	0.177	-6.365E-2
21.667	-0.177	7.846E-2	0.176	-6.346E-2
21.683	-0.176	8.023E-2	0.175	-5.932E-2
21.700	-0.174	7.781E-2	0.174	-5.130E-2
21.717	-0.173	7.003E-2	0.173	-5.040E-2
21.733	-0.172	6.773E-2	0.173	-4.874E-2
21.750	-0.171	5.922E-2	0.172	-4.319E-2
21.767	-0.170	5.707E-2	0.171	-3.867E-2
21.783	-0.169	5.025E-2	0.170	-3.457E-2
21.800	-0.168	4.143E-2	0.170	-2.977E-2
21.817	-0.168	4.131E-2	0.170	-2.715E-2
21.833	-0.167	3.949E-2	0.169	-2.793E-2
21.850	-0.166	3.504E-2	0.169	-2.151E-2
21.867	-0.166	2.964E-2	0.168	-1.497E-2
21.883	-0.165	2.368E-2	0.168	-1.157E-2
21.900	-0.165	1.751E-2	0.168	-3.660E-3
21.917	-0.165	1.507E-2	0.168	1.471E-3
21.933	-0.165	6.724E-3	0.168	4.506E-3
21.950	-0.165	7.813E-4	0.168	5.357E-3
21.967	-0.165	1.314E-3	0.168	1.240E-2
21.983	-0.165	-6.420E-3	0.169	1.621E-2
22.000	-0.165	-1.545E-2	0.169	1.398E-2
22.017	-0.165	-1.985E-2	0.169	2.265E-2
22.033	-0.165	-2.764E-2	0.169	3.064E-2
22.050	-0.166	-3.346E-2	0.170	3.183E-2
22.067	-0.167	-3.122E-2	0.171	3.725E-2
22.083	-0.167	-3.295E-2	0.171	4.129E-2
22.100	-0.168	-4.128E-2	0.172	4.356E-2
22.117	-0.168	-4.492E-2	0.173	4.729E-2
22.133	-0.169	-4.963E-2	0.173	4.929E-2
22.150	-0.170	-5.686E-2	0.174	5.490E-2
22.167	-0.171	-5.910E-2	0.175	5.874E-2
22.183	-0.172	-6.059E-2	0.176	6.179E-2
22.200	-0.173	-6.965E-2	0.177	6.635E-2
22.217	-0.174	-7.205E-2	0.179	7.081E-2
22.233	-0.175	-7.665E-2	0.180	7.073E-2
22.250	-0.177	-8.061E-2	0.181	7.080E-2
22.267	-0.178	-7.835E-2	0.182	7.492E-2
22.283	-0.180	-8.188E-2	0.183	7.817E-2
22.300	-0.181	-8.673E-2	0.185	7.755E-2
22.317	-0.182	-8.971E-2	0.186	7.607E-2
22.333	-0.184	-9.167E-2	0.187	8.518E-2
22.350	-0.185	-9.300E-2	0.189	8.739E-2
22.367	-0.187	-9.624E-2	0.190	8.322E-2
22.383	-0.189	-9.617E-2	0.192	8.734E-2
22.400	-0.190	-9.802E-2	0.193	9.068E-2
22.417	-0.192	-0.103	0.195	8.736E-2
22.433	-0.194	-0.102	0.196	8.971E-2
22.450	-0.195	-0.103	0.198	9.155E-2
22.467	-0.197	-0.104	0.199	9.133E-2
22.483	-0.199	-0.102	0.201	9.053E-2
22.500	-0.200	-0.100	0.202	8.180E-2
22.517	-0.202	-0.101	0.203	8.855E-2
22.533	-0.204	-0.106	0.205	9.177E-2
22.550	-0.206	-0.103	0.206	8.151E-2
22.567	-0.207	-9.798E-2	0.208	7.961E-2
22.583	-0.209	-9.990E-2	0.209	8.070E-2
22.600	-0.211	-9.630E-2	0.210	8.177E-2
22.617	-0.212	-9.170E-2	0.212	7.727E-2
22.633	-0.214	-8.870E-2	0.213	7.289E-2
22.650	-0.215	-8.963E-2	0.214	7.262E-2
22.667	-0.217	-9.257E-2	0.215	7.083E-2
22.683	-0.218	-8.866E-2	0.217	6.860E-2
22.700	-0.220	-7.959E-2	0.218	6.510E-2
22.717	-0.221	-8.082E-2	0.219	6.062E-2
22.733	-0.222	-7.787E-2	0.220	5.455E-2
22.750	-0.223	-6.836E-2	0.221	5.027E-2
22.767	-0.225	-6.822E-2	0.221	4.671E-2
22.783	-0.226	-6.856E-2	0.222	4.928E-2
22.800	-0.227	-6.367E-2	0.223	4.259E-2
22.817	-0.228	-5.504E-2	0.224	3.620E-2
22.833	-0.229	-5.322E-2	0.224	3.335E-2
22.850	-0.230	-5.115E-2	0.225	2.578E-2
22.867	-0.230	-4.365E-2	0.225	2.685E-2
22.883	-0.231	-3.553E-2	0.226	2.290E-2
22.900	-0.232	-3.273E-2	0.226	1.610E-2
22.917	-0.232	-2.899E-2	0.226	1.102E-2
22.933	-0.233	-2.550E-2	0.226	2.177E-3
22.950	-0.233	-2.340E-2	0.226	-2.686E-3
22.967	-0.233	-1.776E-2	0.226	-2.845E-3
22.983	-0.234	-1.124E-2	0.226	-6.401E-3
23.000	-0.234	-4.185E-3	0.226	-1.359E-2
23.017	-0.234	-3.112E-3	0.226	-1.892E-2
23.033	-0.234	1.173E-3	0.225	-2.085E-2
23.050	-0.234	7.542E-3	0.225	-3.081E-2
23.067	-0.234	1.448E-2	0.224	-3.351E-2
23.083	-0.233	1.756E-2	0.224	-3.559E-2
23.100	-0.233	2.075E-2	0.223	-4.602E-2
23.117	-0.232	2.813E-2	0.222	-4.468E-2
23.133	-0.232	3.394E-2	0.222	-4.352E-2
23.150	-0.231	3.823E-2	0.221	-4.988E-2
23.167	-0.231	3.963E-2	0.220	-5.374E-2
23.183	-0.230	4.385E-2	0.219	-5.794E-2
23.200	-0.229	4.840E-2	0.218	-6.495E-2
23.217	-0.228	5.789E-2	0.217	-6.824E-2
23.233	-0.227	6.193E-2	0.216	-7.264E-2
23.250	-0.226	5.918E-2	0.214	-7.639E-2
23.267	-0.225	6.794E-2	0.213	-7.646E-2
23.283	-0.224	7.473E-2	0.212	-7.938E-2
23.300	-0.223	7.452E-2	0.211	-8.227E-2
23.317	-0.222	7.706E-2	0.209	-8.449E-2
23.333	-0.220	7.749E-2	0.208	-8.094E-2
23.350	-0.219	8.327E-2	0.206	-8.144E-2
23.367	-0.218	8.416E-2	0.205	-8.879E-2
23.383	-0.216	8.016E-2	0.203	-9.144E-2
23.400	-0.215	8.597E-2	0.202	-9.347E-2
23.417	-0.213	9.426E-2	0.200	-9.384E-2
23.433	-0.212	9.617E-2	0.199	-9.262E-2
23.450	-0.210	9.074E-2	0.197	-9.411E-2
23.467	-0.209	9.116E-2	0.196	-9.160E-2
23.483	-0.207	9.390E-2	0.194	-9.271E-2
23.500	-0.206	9.781E-2	0.193	-9.623E-2
23.517	-0.204	9.856E-2	0.191	-9.099E-2
23.533	-0.202	9.662E-2	0.190	-9.251E-2
23.550	-0.201	9.528E-2	0.188	-9.505E-2
23.567	-0.199	9.367E-2	0.186	-9.094E-2
23.583	-0.198	9.591E-2	0.185	-8.953E-2
23.600	-0.196	9.404E-2	0.183	-9.073E-2
23.617	-0.194	9.435E-2	0.182	-8.762E-2
23.633	-0.193	9.002E-2	0.180	-8.497E-2
23.650	-0.191	8.577E-2	0.179	-8.269E-2
23.667	-0.190	8.803E-2	0.178	-8.153E-2
23.683	-0.188	8.677E-2	0.176	-7.942E-2
23.700	-0.187	8.181E-2	0.175	-7.396E-2
23.717	-0.186	8.224E-2	0.174	-7.291E-2
23.733	-0.184	8.111E-2	0.173	-6.964E-2
23.750	-0.183	7.686E-2	0.172	-6.322E-2
23.767	-0.182	7.705E-2	0.171	-6.065E-2
23.783	-0.180	7.443E-2	0.170	-5.589E-2
23.800	-0.179	6.117E-2	0.169	-5.452E-2
23.817	-0.178	5.959E-2	0.168	-5.068E-2
23.833	-0.177	5.952E-2	0.167	-4.347E-2
23.850	-0.176	5.335E-2	0.166	-4.251E-2
23.867	-0.175	5.373E-2	0.166	-3.616E-2
23.883	-0.175	4.812E-2	0.165	-2.972E-2
23.900	-0.174	4.863E-2	0.165	-2.758E-2
23.917	-0.173	4.339E-2	0.164	-2.490E-2
23.933	-0.172	3.302E-2	0.164	-2.185E-2
23.950	-0.172	3.088E-2	0.163	-1.646E-2
23.967	-0.171	2.808E-2	0.163	-8.469E-3
23.983	-0.171	2.406E-2	0.163	-3.384E-3
24.000	-0.171	1.979E-2	0.163	8.023E-4
24.017	-0.170	1.106E-2	0.163	6.750E-3
24.033	-0.170	7.475E-3	0.163	9.297E-3
24.050	-0.170	5.839E-3	0.163	1.617E-2
24.067	-0.170	7.724E-4	0.164	2.177E-2
24.083	-0.170	-3.825E-3	0.164	1.986E-2
24.100	-0.170	-4.308E-3	0.165	2.757E-2
24.117	-0.170	-9.844E-3	0.165	3.634E-2
24.133	-0.170	-1.748E-2	0.166	4.092E-2
24.150	-0.171	-2.087E-2	0.166	4.302E-2
24.167	-0.171	-2.963E-2	0.167	4.443E-2
24.183	-0.172	-3.456E-2	0.168	4.872E-2
24.200	-0.172	-3.594E-2	0.169	5.581E-2
24.217	-0.173	-3.960E-2	0.170	5.845E-2
24.233	-0.174	-4.545E-2	0.171	6.102E-2
24.250	-0.174	-4.864E-2	0.172	6.884E-2
24.267	-0.175	-5.483E-2	0.173	7.346E-2
24.283	-0.176	-5.817E-2	0.174	7.855E-2
24.300	-0.177	-5.655E-2	0.176	7.785E-2
24.317	-0.178	-6.547E-2	0.177	7.780E-2
24.333	-0.179	-6.238E-2	0.178	8.381E-2
24.350	-0.180	-6.506E-2	0.180	8.493E-2
24.367	-0.182	-7.539E-2	0.181	9.110E-2
24.383	-0.183	-7.826E-2	0.183	9.387E-2
24.400	-0.184	-7.652E-2	0.184	9.278E-2
24.417	-0.185	-7.739E-2	0.186	9.382E-2
24.433	-0.187	-8.378E-2	0.187	9.419E-2
24.450	-0.188	-8.111E-2	0.189	9.672E-2
24.467	-0.189	-7.562E-2	0.191	9.816E-2
24.483	-0.191	-8.331E-2	0.192	0.102
24.500	-0.192	-9.292E-2	0.194	0.101
24.517	-0.194	-8.566E-2	0.196	9.883E-2
24.533	-0.195	-8.293E-2	0.197	9.970E-2
24.550	-0.196	-8.614E-2	0.199	9.857E-2
24.567	-0.198	-9.239E-2	0.201	9.899E-2
24.583	-0.200	-9.296E-2	0.202	9.973E-2
24.600	-0.201	-8.668E-2	0.204	9.878E-2
24.617	-0.202	-8.439E-2	0.206	9.715E-2
24.633	-0.204	-8.687E-2	0.207	9.507E-2
24.650	-0.205	-8.949E-2	0.209	9.325E-2
24.667	-0.207	-8.640E-2	0.210	9.756E-2
24.683	-0.208	-8.394E-2	0.212	9.148E-2
24.700	-0.210	-8.256E-2	0.213	8.007E-2
24.717	-0.211	-8.244E-2	0.215	8.488E-2
24.733	-0.212	-7.990E-2	0.216	8.461E-2
24.750	-0.214	-7.228E-2	0.217	7.913E-2
24.767	-0.215	-7.058E-2	0.219	7.607E-2
24.783	-0.216	-7.197E-2	0.220	7.002E-2
24.800	-0.217	-6.963E-2	0.221	6.743E-2
24.817	-0.218	-6.667E-2	0.222	6.628E-2
24.833	-0.219	-6.332E-2	0.223	6.531E-2
24.850	-0.220	-6.374E-2	0.224	5.705E-2
24.867	-0.222	-5.659E-2	0.225	5.022E-2
24.883	-0.222	-5.095E-2	0.226	5.101E-2
24.900	-0.223	-5.304E-2	0.227	4.106E-2
24.917	-0.224	-4.405E-2	0.227	4.051E-2
24.933	-0.225	-4.132E-2	0.228	4.153E-2
24.950	-0.225	-3.608E-2	0.229	3.466E-2
24.967	-0.226	-2.904E-2	0.229	3.028E-2
24.983	-0.226	-2.830E-2	0.230	1.760E-2
25.000	-0.227	-2.581E-2	0.230	1.244E-2
25.017	-0.227	-2.145E-2	0.230	1.284E-2
25.033	-0.228	-1.661E-2	0.230	4.608E-3
25.050	-0.228	-1.293E-2	0.230	9.433E-4
25.067	-0.228	-9.545E-3	0.230	-2.105E-4
25.083	-0.228	-6.177E-3	0.230	-6.242E-3
25.100	-0.228	-2.783E-4	0.230	-1.384E-2
25.117	-0.228	3.282E-3	0.230	-1.814E-2
25.133	-0.228	8.362E-3	0.230	-1.982E-2
25.150	-0.228	1.179E-2	0.229	-2.851E-2
25.167	-0.228	1.616E-2	0.229	-3.753E-2
25.183	-0.227	2.185E-2	0.228	-4.150E-2
25.200	-0.227	2.531E-2	0.227	-3.985E-2
25.217	-0.227	3.111E-2	0.227	-4.696E-2
25.233	-0.226	3.852E-2	0.226	-5.302E-2
25.250	-0.225	4.144E-2	0.225	-5.244E-2
25.267	-0.225	4.112E-2	0.224	-5.959E-2
25.283	-0.224	4.489E-2	0.223	-6.250E-2
25.300	-0.223	4.901E-2	0.222	-6.836E-2
25.317	-0.222	5.031E-2	0.221	-7.264E-2
25.333	-0.221	5.739E-2	0.219	-7.780E-2
25.350	-0.220	6.455E-2	0.218	-8.234E-2
25.367	-0.219	6.320E-2	0.217	-8.064E-2
25.383	-0.218	6.638E-2	0.215	-8.376E-2
25.400	-0.217	6.698E-2	0.214	-8.360E-2
25.417	-0.216	6.980E-2	0.213	-9.091E-2
25.433	-0.215	7.385E-2	0.211	-9.320E-2
25.450	-0.214	7.575E-2	0.209	-9.310E-2
25.467	-0.212	7.854E-2	0.208	-9.406E-2
25.483	-0.211	7.914E-2	0.206	-9.541E-2
25.500	-0.210	8.240E-2	0.205	-0.101
25.517	-0.208	8.023E-2	0.203	-9.904E-2
25.533	-0.207	7.553E-2	0.201	-0.103
25.550	-0.206	7.774E-2	0.200	-0.106
25.567	-0.204	8.540E-2	0.198	-0.103
25.583	-0.203	8.587E-2	0.196	-9.923E-2
25.600	-0.201	8.214E-2	0.194	-0.105
25.617	-0.200	8.098E-2	0.193	-0.108
25.633	-0.199	8.279E-2	0.191	-0.105
25.650	-0.197	8.582E-2	0.189	-0.101
25.667	-0.196	8.379E-2	0.187	-9.791E-2
25.683	-0.195	8.197E-2	0.186	-9.811E-2
25.700	-0.193	7.900E-2	0.184	-9.827E-2
25.717	-0.192	8.001E-2	0.183	-9.673E-2
25.733	-0.190	7.954E-2	0.181	-9.560E-2
25.750	-0.189	7.471E-2	0.179	-9.174E-2
25.767	-0.188	7.658E-2	0.178	-8.418E-2
25.783	-0.187	7.285E-2	0.177	-8.757E-2
25.800	-0.186	6.691E-2	0.175	-8.799E-2
25.817	-0.184	6.770E-2	0.174	-8.082E-2
25.833	-0.183	6.497E-2	0.172	-7.378E-2
25.850	-0.182	6.022E-2	0.171	-6.921E-2
25.867	-0.181	5.837E-2	0.170	-7.026E-2
25.883	-0.180	5.266E-2	0.169	-6.802E-2
25.900	-0.180	5.144E-2	0.168	-6.570E-2
25.917	-0.179	5.171E-2	0.167	-6.023E-2
25.933	-0.178	4.849E-2	0.166	-5.331E-2
25.950	-0.177	4.127E-2	0.165	-4.706E-2
25.967	-0.176	3.589E-2	0.164	-4.731E-2
25.983	-0.176	3.720E-2	0.163	-4.274E-2
26.000	-0.175	2.944E-2	0.163	-3.577E-2
26.017	-0.175	2.577E-2	0.162	-3.307E-2
26.033	-0.174	2.516E-2	0.162	-2.717E-2
26.050	-0.174	1.419E-2	0.161	-2.194E-2
26.067	-0.174	1.294E-2	0.161	-1.718E-2
26.083	-0.174	9.186E-3	0.161	-8.425E-3
26.100	-0.174	2.145E-3	0.161	-1.926E-3
26.117	-0.173	-7.129E-4	0.161	2.335E-3
26.133	-0.174	-3.305E-3	0.161	4.823E-3
26.150	-0.174	-8.470E-3	0.161	9.878E-3
26.167	-0.174	-1.430E-2	0.161	1.524E-2
26.183	-0.174	-1.791E-2	0.161	1.664E-2
26.200	-0.174	-2.037E-2	0.162	2.273E-2
26.217	-0.175	-2.467E-2	0.162	3.047E-2
26.233	-0.175	-3.435E-2	0.163	3.416E-2
26.250	-0.176	-3.782E-2	0.163	3.566E-2
26.267	-0.177	-4.316E-2	0.164	4.381E-2
26.283	-0.177	-4.441E-2	0.165	4.854E-2
26.300	-0.178	-4.443E-2	0.165	4.792E-2
26.317	-0.179	-4.541E-2	0.166	5.596E-2
26.333	-0.180	-4.992E-2	0.167	6.226E-2
26.350	-0.180	-5.553E-2	0.168	6.014E-2
26.367	-0.181	-5.490E-2	0.169	6.655E-2
26.383	-0.182	-6.018E-2	0.171	7.418E-2
26.400	-0.183	-6.504E-2	0.172	7.840E-2
26.417	-0.184	-6.575E-2	0.173	8.021E-2
26.433	-0.186	-6.682E-2	0.174	8.379E-2
26.450	-0.187	-7.152E-2	0.176	8.277E-2
26.467	-0.188	-7.680E-2	0.177	8.276E-2
26.483	-0.189	-7.413E-2	0.179	9.245E-2
26.500	-0.190	-7.557E-2	0.180	9.291E-2
26.517	-0.192	-7.750E-2	0.182	9.208E-2
26.533	-0.193	-8.005E-2	0.183	9.670E-2
26.550	-0.194	-8.664E-2	0.185	0.100
26.567	-0.196	-8.266E-2	0.187	0.102
26.583	-0.197	-8.054E-2	0.188	9.723E-2
26.600	-0.199	-8.211E-2	0.190	9.760E-2
26.617	-0.200	-8.609E-2	0.192	0.106
26.633	-0.201	-8.527E-2	0.193	0.108
26.650	-0.203	-8.035E-2	0.195	9.983E-2
26.667	-0.204	-8.469E-2	0.197	9.776E-2
26.683	-0.206	-8.322E-2	0.198	0.105
26.700	-0.207	-8.099E-2	0.200	0.104
26.717	-0.208	-8.415E-2	0.202	9.951E-2
26.733	-0.210	-8.150E-2	0.204	9.915E-2
26.750	-0.211	-7.949E-2	0.205	0.102
26.767	-0.212	-7.570E-2	0.207	9.569E-2
26.783	-0.214	-7.059E-2	0.208	9.097E-2
26.800	-0.215	-7.327E-2	0.210	9.385E-2
26.817	-0.216	-7.140E-2	0.212	9.200E-2
26.833	-0.217	-6.790E-2	0.213	8.518E-2
26.850	-0.218	-6.852E-2	0.214	8.137E-2
26.867	-0.219	-6.729E-2	0.216	8.488E-2
26.883	-0.220	-6.001E-2	0.217	7.861E-2
26.900	-0.221	-5.311E-2	0.218	7.749E-2
26.917	-0.222	-5.293E-2	0.220	7.424E-2
26.933	-0.223	-5.241E-2	0.221	6.626E-2
26.950	-0.224	-4.620E-2	0.222	6.573E-2
26.967	-0.225	-4.126E-2	0.223	6.224E-2
26.983	-0.225	-3.852E-2	0.224	5.642E-2
27.000	-0.226	-3.381E-2	0.225	4.692E-2
27.017	-0.227	-2.980E-2	0.226	4.980E-2
27.033	-0.227	-2.456E-2	0.227	4.805E-2
27.050	-0.227	-2.120E-2	0.227	3.796E-2
27.067	-0.228	-1.802E-2	0.228	3.102E-2
27.083	-0.228	-1.194E-2	0.228	3.169E-2
27.100	-0.228	-7.322E-3	0.229	3.298E-2
27.117	-0.228	-8.362E-3	0.229	2.269E-2
27.133	-0.228	-4.817E-3	0.230	1.481E-2
27.150	-0.228	4.782E-3	0.230	7.573E-3
27.167	-0.228	5.121E-3	0.230	2.063E-3
27.183	-0.228	4.457E-3	0.230	-3.775E-3
27.200	-0.228	1.311E-2	0.230	-8.408E-3
27.217	-0.228	2.078E-2	0.230	-7.935E-3
27.233	-0.227	2.851E-2	0.230	-1.337E-2
27.250	-0.227	2.954E-2	0.229	-2.307E-2
27.267	-0.226	2.949E-2	0.229	-2.089E-2
27.283	-0.226	3.490E-2	0.229	-2.423E-2
27.300	-0.225	4.264E-2	0.228	-3.586E-2
27.317	-0.224	4.767E-2	0.227	-3.994E-2
27.333	-0.224	4.650E-2	0.227	-4.473E-2
27.350	-0.223	5.242E-2	0.226	-4.645E-2
27.367	-0.222	5.880E-2	0.225	-4.808E-2
27.383	-0.221	6.052E-2	0.224	-5.573E-2
27.400	-0.220	6.565E-2	0.223	-5.903E-2
27.417	-0.219	7.031E-2	0.222	-5.925E-2
27.433	-0.217	6.852E-2	0.221	-6.826E-2
27.450	-0.216	6.818E-2	0.220	-7.501E-2
27.467	-0.215	7.271E-2	0.219	-7.208E-2
27.483	-0.214	7.762E-2	0.218	-7.648E-2
27.500	-0.213	7.533E-2	0.216	-8.201E-2
27.517	-0.211	7.805E-2	0.215	-8.337E-2
27.533	-0.210	8.691E-2	0.213	-8.568E-2
27.550	-0.209	8.449E-2	0.212	-8.216E-2
27.567	-0.207	8.319E-2	0.211	-8.642E-2
27.583	-0.206	8.499E-2	0.209	-9.313E-2
27.600	-0.204	8.693E-2	0.208	-9.412E-2
27.617	-0.203	8.858E-2	0.206	-9.545E-2
27.633	-0.201	9.059E-2	0.204	-9.462E-2
27.650	-0.200	9.295E-2	0.203	-9.701E-2
27.667	-0.198	8.301E-2	0.201	-0.100
27.683	-0.197	7.890E-2	0.200	-0.101
27.700	-0.196	9.243E-2	0.198	-9.637E-2
27.717	-0.194	9.150E-2	0.196	-9.561E-2
27.733	-0.193	8.263E-2	0.195	-9.736E-2
27.750	-0.191	8.305E-2	0.193	-9.639E-2
27.767	-0.190	8.299E-2	0.191	-0.102
27.783	-0.188	8.253E-2	0.190	-9.447E-2
27.800	-0.187	7.681E-2	0.188	-8.890E-2
27.817	-0.186	7.838E-2	0.187	-9.455E-2
27.833	-0.185	8.108E-2	0.185	-9.148E-2
27.850	-0.183	7.494E-2	0.184	-8.669E-2
27.867	-0.182	7.612E-2	0.182	-8.264E-2
27.883	-0.181	7.484E-2	0.181	-8.231E-2
27.900	-0.180	6.773E-2	0.179	-8.452E-2
27.917	-0.178	6.359E-2	0.178	-7.763E-2
27.933	-0.177	5.759E-2	0.177	-7.399E-2
27.950	-0.177	5.048E-2	0.176	-7.512E-2
27.967	-0.176	5.068E-2	0.174	-6.876E-2
27.983	-0.175	5.043E-2	0.173	-6.674E-2
28.000	-0.174	4.516E-2	0.172	-6.705E-2
28.017	-0.173	3.868E-2	0.171	-6.094E-2
28.033	-0.173	3.200E-2	0.170	-5.542E-2
28.050	-0.172	2.919E-2	0.169	-5.191E-2
28.067	-0.172	2.724E-2	0.168	-4.906E-2
28.083	-0.171	2.546E-2	0.168	-4.144E-2
28.100	-0.171	1.982E-2	0.167	-3.455E-2
28.117	-0.171	1.469E-2	0.166	-3.586E-2
28.133	-0.170	9.470E-3	0.166	-3.450E-2
28.150	-0.170	3.066E-3	0.165	-2.759E-2
28.167	-0.170	1.891E-3	0.165	-1.951E-2
28.183	-0.170	-6.098E-3	0.165	-1.602E-2
28.200	-0.171	-8.969E-3	0.164	-1.310E-2
28.217	-0.171	-8.815E-3	0.164	-6.311E-3
28.233	-0.171	-1.595E-2	0.164	-2.382E-3
28.250	-0.171	-2.580E-2	0.164	5.587E-4
28.267	-0.172	-2.755E-2	0.164	3.374E-3
28.283	-0.172	-2.801E-2	0.164	1.101E-2
28.300	-0.173	-3.305E-2	0.165	1.626E-2
28.317	-0.173	-3.710E-2	0.165	1.797E-2
28.333	-0.174	-4.125E-2	0.165	2.364E-2
28.350	-0.175	-4.455E-2	0.166	3.260E-2
28.367	-0.175	-5.021E-2	0.166	3.998E-2
28.383	-0.176	-5.496E-2	0.167	4.180E-2
28.400	-0.177	-6.096E-2	0.168	4.307E-2
28.417	-0.178	-6.587E-2	0.168	4.555E-2
28.433	-0.179	-6.580E-2	0.169	5.055E-2
28.450	-0.180	-6.583E-2	0.170	5.498E-2
28.467	-0.182	-7.096E-2	0.171	5.908E-2
28.483	-0.183	-7.834E-2	0.172	6.199E-2
28.500	-0.184	-7.901E-2	0.173	6.454E-2
28.517	-0.185	-7.941E-2	0.174	7.177E-2
28.533	-0.187	-8.381E-2	0.175	7.129E-2
28.550	-0.188	-8.373E-2	0.177	7.321E-2
28.567	-0.190	-8.496E-2	0.178	7.456E-2
28.583	-0.191	-8.676E-2	0.179	7.401E-2
28.600	-0.193	-9.002E-2	0.180	8.193E-2
28.617	-0.194	-9.158E-2	0.182	8.357E-2
28.633	-0.196	-9.029E-2	0.183	8.600E-2
28.650	-0.197	-9.463E-2	0.185	8.631E-2
28.667	-0.199	-9.622E-2	0.186	8.863E-2
28.683	-0.200	-9.119E-2	0.188	9.000E-2
28.700	-0.202	-9.455E-2	0.189	8.799E-2
28.717	-0.203	-9.586E-2	0.191	9.250E-2
28.733	-0.205	-9.176E-2	0.192	9.371E-2
28.750	-0.206	-8.832E-2	0.194	9.065E-2
28.767	-0.208	-8.895E-2	0.195	9.151E-2
28.783	-0.209	-9.301E-2	0.197	9.065E-2
28.800	-0.211	-9.086E-2	0.198	9.178E-2
28.817	-0.212	-9.029E-2	0.200	9.593E-2
28.833	-0.214	-8.813E-2	0.201	8.900E-2
28.850	-0.215	-8.450E-2	0.203	8.238E-2
28.867	-0.217	-8.487E-2	0.204	8.738E-2
28.883	-0.218	-7.958E-2	0.206	8.496E-2
28.900	-0.219	-7.979E-2	0.207	8.233E-2
28.917	-0.221	-7.790E-2	0.208	8.115E-2
28.933	-0.222	-7.225E-2	0.210	8.026E-2
28.950	-0.223	-6.958E-2	0.211	7.983E-2
28.967	-0.224	-6.646E-2	0.212	7.262E-2
28.983	-0.226	-6.657E-2	0.213	7.055E-2
29.000	-0.227	-5.906E-2	0.215	7.159E-2
29.017	-0.227	-5.366E-2	0.216	7.007E-2
29.033	-0.228	-5.188E-2	0.217	6.120E-2
29.050	-0.229	-5.108E-2	0.218	5.459E-2
29.067	-0.230	-4.385E-2	0.219	5.295E-2
29.083	-0.231	-3.584E-2	0.220	5.094E-2
29.100	-0.231	-3.457E-2	0.220	4.684E-2
29.117	-0.232	-3.203E-2	0.221	4.093E-2
29.133	-0.232	-2.702E-2	0.222	3.650E-2
29.150	-0.233	-2.111E-2	0.222	3.301E-2
29.167	-0.233	-1.395E-2	0.223	2.745E-2
29.183	-0.233	-1.084E-2	0.223	2.937E-2
29.200	-0.233	-5.318E-3	0.224	2.777E-2
29.217	-0.233	2.465E-3	0.224	1.513E-2
29.233	-0.233	2.379E-3	0.224	8.887E-3
29.250	-0.233	1.240E-2	0.225	9.058E-3
29.267	-0.233	1.596E-2	0.225	3.458E-3
29.283	-0.233	1.904E-2	0.225	5.112E-4
29.300	-0.232	2.738E-2	0.225	3.314E-4
29.317	-0.232	2.798E-2	0.225	-9.390E-3
29.333	-0.231	3.069E-2	0.224	-1.536E-2
29.350	-0.231	3.746E-2	0.224	-1.561E-2
29.367	-0.230	4.559E-2	0.224	-1.904E-2
29.383	-0.229	4.286E-2	0.224	-3.001E-2
29.400	-0.229	4.748E-2	0.223	-2.959E-2
29.417	-0.228	5.680E-2	0.223	-3.147E-2
29.433	-0.227	5.195E-2	0.222	-4.415E-2
29.450	-0.226	5.999E-2	0.221	-4.427E-2
29.467	-0.225	7.116E-2	0.220	-4.528E-2
29.483	-0.224	6.885E-2	0.220	-4.908E-2
29.500	-0.223	7.065E-2	0.219	-5.478E-2
29.517	-0.221	7.554E-2	0.218	-5.780E-2
29.533	-0.220	8.017E-2	0.217	-5.892E-2
29.550	-0.219	8.571E-2	0.216	-5.902E-2
29.567	-0.217	8.644E-2	0.215	-6.625E-2
29.583	-0.216	8.271E-2	0.214	-7.053E-2
29.600	-0.214	8.679E-2	0.213	-6.856E-2
29.617	-0.213	9.331E-2	0.211	-7.500E-2
29.633	-0.211	9.475E-2	0.210	-7.840E-2
29.650	-0.210	9.126E-2	0.209	-7.878E-2
29.667	-0.208	9.350E-2	0.207	-7.815E-2
29.683	-0.207	9.926E-2	0.206	-8.170E-2
29.700	-0.205	0.100	0.205	-8.218E-2
29.717	-0.203	9.771E-2	0.203	-7.772E-2
29.733	-0.202	9.798E-2	0.202	-8.105E-2
29.750	-0.200	0.104	0.201	-8.691E-2
29.767	-0.198	9.786E-2	0.199	-8.483E-2
29.783	-0.197	9.550E-2	0.198	-8.177E-2
29.800	-0.195	9.925E-2	0.196	-8.558E-2
29.817	-0.193	9.804E-2	0.195	-8.747E-2
29.833	-0.192	9.788E-2	0.194	-8.511E-2
29.850	-0.190	9.257E-2	0.192	-8.364E-2
29.867	-0.189	9.443E-2	0.191	-8.326E-2
29.883	-0.187	9.451E-2	0.189	-8.399E-2
29.900	-0.185	8.913E-2	0.188	-8.181E-2
29.917	-0.184	8.846E-2	0.187	-7.580E-2
29.933	-0.183	8.367E-2	0.185	-7.278E-2
29.950	-0.181	8.343E-2	0.184	-7.415E-2
29.967	-0.180		0.183	
