#multi:
	mass A		mass B		
t	x	vx	x	vx	
0.000	-0.166		0.163	
0.017	-0.166	1.630E-2	0.163	-1.933E-2
0.033	-0.166	1.314E-2	0.163	-1.304E-2
0.050	-0.165	7.974E-3	0.162	-6.517E-3
0.067	-0.165	1.151E-3	0.162	3.634E-4
0.083	-0.165	-5.957E-3	0.162	8.958E-4
0.100	-0.166	-6.571E-3	0.162	4.180E-3
0.117	-0.166	-1.185E-2	0.163	1.211E-2
0.133	-0.166	-1.813E-2	0.163	1.931E-2
0.150	-0.166	-2.029E-2	0.163	2.350E-2
0.167	-0.167	-2.614E-2	0.164	2.670E-2
0.183	-0.167	-3.277E-2	0.164	3.118E-2
0.200	-0.168	-4.284E-2	0.165	3.191E-2
0.217	-0.169	-4.468E-2	0.165	3.541E-2
0.233	-0.169	-4.487E-2	0.166	4.438E-2
0.250	-0.170	-5.200E-2	0.167	5.263E-2
0.267	-0.171	-5.715E-2	0.168	5.253E-2
0.283	-0.172	-5.862E-2	0.168	5.917E-2
0.300	-0.173	-6.107E-2	0.170	6.508E-2
0.317	-0.174	-6.533E-2	0.171	6.444E-2
0.333	-0.175	-6.947E-2	0.172	7.224E-2
0.350	-0.176	-7.491E-2	0.173	7.514E-2
0.367	-0.178	-7.829E-2	0.174	7.479E-2
0.383	-0.179	-8.149E-2	0.175	7.922E-2
0.400	-0.180	-8.336E-2	0.177	8.376E-2
0.417	-0.182	-8.495E-2	0.178	8.218E-2
0.433	-0.183	-9.158E-2	0.180	8.989E-2
0.450	-0.185	-9.469E-2	0.181	9.090E-2
0.467	-0.186	-9.693E-2	0.183	9.173E-2
0.483	-0.188	-0.102	0.184	9.823E-2
0.500	-0.190	-9.717E-2	0.186	9.433E-2
0.517	-0.191	-0.101	0.187	9.733E-2
0.533	-0.193	-0.103	0.189	0.103
0.550	-0.195	-9.909E-2	0.191	0.103
0.567	-0.196	-0.102	0.193	9.998E-2
0.583	-0.198	-0.104	0.194	9.775E-2
0.600	-0.200	-0.102	0.196	0.100
0.617	-0.201	-0.108	0.198	0.103
0.633	-0.203	-0.108	0.199	0.104
0.650	-0.205	-0.102	0.201	0.102
0.667	-0.207	-0.104	0.203	0.101
0.683	-0.208	-0.103	0.204	0.101
0.700	-0.210	-9.541E-2	0.206	9.657E-2
0.717	-0.212	-9.271E-2	0.208	9.521E-2
0.733	-0.213	-9.911E-2	0.209	9.483E-2
0.750	-0.215	-9.202E-2	0.211	9.336E-2
0.767	-0.216	-8.470E-2	0.212	8.883E-2
0.783	-0.218	-8.706E-2	0.214	8.689E-2
0.800	-0.219	-8.867E-2	0.215	8.656E-2
0.817	-0.221	-8.441E-2	0.217	7.943E-2
0.833	-0.222	-8.071E-2	0.218	7.447E-2
0.850	-0.223	-7.804E-2	0.219	7.352E-2
0.867	-0.225	-7.129E-2	0.220	6.989E-2
0.883	-0.226	-6.958E-2	0.221	6.566E-2
0.900	-0.227	-7.025E-2	0.223	6.063E-2
0.917	-0.228	-6.110E-2	0.224	5.899E-2
0.933	-0.229	-5.156E-2	0.225	5.588E-2
0.950	-0.230	-5.197E-2	0.225	5.249E-2
0.967	-0.231	-4.618E-2	0.226	4.899E-2
0.983	-0.231	-3.586E-2	0.227	3.957E-2
1.000	-0.232	-3.654E-2	0.228	3.315E-2
1.017	-0.233	-3.294E-2	0.228	2.920E-2
1.033	-0.233	-2.577E-2	0.229	2.297E-2
1.050	-0.234	-2.495E-2	0.229	2.291E-2
1.067	-0.234	-1.917E-2	0.229	1.520E-2
1.083	-0.234	-9.512E-3	0.229	5.554E-3
1.100	-0.234	-6.632E-3	0.230	9.423E-3
1.117	-0.234	-3.587E-3	0.230	4.571E-3
1.133	-0.234	2.351E-3	0.230	-1.811E-3
1.150	-0.234	5.582E-3	0.230	-7.346E-3
1.167	-0.234	1.537E-2	0.229	-1.304E-2
1.183	-0.234	2.214E-2	0.229	-1.740E-2
1.200	-0.233	1.889E-2	0.229	-2.140E-2
1.217	-0.233	2.561E-2	0.228	-2.559E-2
1.233	-0.233	3.702E-2	0.228	-3.396E-2
1.250	-0.232	4.005E-2	0.227	-3.955E-2
1.267	-0.231	4.074E-2	0.227	-4.330E-2
1.283	-0.231	4.268E-2	0.226	-4.577E-2
1.300	-0.230	5.429E-2	0.225	-5.246E-2
1.317	-0.229	5.702E-2	0.224	-5.551E-2
1.333	-0.228	5.942E-2	0.223	-5.990E-2
1.350	-0.227	6.646E-2	0.222	-6.732E-2
1.367	-0.226	6.767E-2	0.221	-6.791E-2
1.383	-0.225	6.837E-2	0.220	-7.462E-2
1.400	-0.223	7.495E-2	0.219	-7.995E-2
1.417	-0.222	8.493E-2	0.217	-7.765E-2
1.433	-0.221	8.551E-2	0.216	-8.011E-2
1.450	-0.219	8.565E-2	0.215	-8.699E-2
1.467	-0.218	8.640E-2	0.213	-8.705E-2
1.483	-0.216	9.188E-2	0.212	-8.693E-2
1.500	-0.215	9.544E-2	0.210	-9.171E-2
1.517	-0.213	9.489E-2	0.209	-9.726E-2
1.533	-0.212	9.695E-2	0.207	-9.678E-2
1.550	-0.210	0.100	0.205	-9.375E-2
1.567	-0.208	0.102	0.204	-0.103
1.583	-0.206	0.104	0.202	-0.104
1.600	-0.205	9.993E-2	0.200	-9.713E-2
1.617	-0.203	9.561E-2	0.199	-9.926E-2
1.633	-0.202	0.100	0.197	-9.930E-2
1.650	-0.200	0.103	0.195	-0.100
1.667	-0.198	0.101	0.194	-0.104
1.683	-0.196	0.105	0.192	-0.104
1.700	-0.195	0.106	0.190	-0.101
1.717	-0.193	0.101	0.189	-9.784E-2
1.733	-0.191	0.102	0.187	-9.552E-2
1.750	-0.189	9.518E-2	0.185	-9.885E-2
1.767	-0.188	9.173E-2	0.184	-9.711E-2
1.783	-0.186	9.458E-2	0.182	-8.928E-2
1.800	-0.185	9.342E-2	0.181	-9.058E-2
1.817	-0.183	8.894E-2	0.179	-8.882E-2
1.833	-0.182	8.324E-2	0.178	-8.724E-2
1.850	-0.181	8.526E-2	0.176	-8.258E-2
1.867	-0.179	8.365E-2	0.175	-7.454E-2
1.883	-0.178	7.285E-2	0.174	-7.168E-2
1.900	-0.177	7.421E-2	0.173	-6.715E-2
1.917	-0.175	7.619E-2	0.171	-6.686E-2
1.933	-0.174	7.040E-2	0.170	-6.632E-2
1.950	-0.173	7.006E-2	0.169	-6.033E-2
1.967	-0.172	5.730E-2	0.168	-5.706E-2
1.983	-0.171	4.921E-2	0.167	-5.369E-2
2.000	-0.170	4.819E-2	0.167	-4.912E-2
2.017	-0.169	4.342E-2	0.166	-4.492E-2
2.033	-0.169	4.113E-2	0.165	-4.042E-2
2.050	-0.168	3.804E-2	0.164	-3.110E-2
2.067	-0.167	2.938E-2	0.164	-3.020E-2
2.083	-0.167	2.201E-2	0.163	-2.728E-2
2.100	-0.167	1.956E-2	0.163	-1.777E-2
2.117	-0.166	1.594E-2	0.163	-1.431E-2
2.133	-0.166	1.240E-2	0.163	-1.157E-2
2.150	-0.166	7.396E-3	0.162	-8.443E-3
2.167	-0.166	3.475E-4	0.162	2.296E-3
2.183	-0.166	-3.902E-3	0.162	9.076E-3
2.200	-0.166	-8.811E-3	0.163	9.997E-3
2.217	-0.166	-1.433E-2	0.163	1.577E-2
2.233	-0.167	-1.969E-2	0.163	2.085E-2
2.250	-0.167	-2.744E-2	0.164	2.476E-2
2.267	-0.167	-2.717E-2	0.164	2.939E-2
2.283	-0.168	-3.091E-2	0.165	3.449E-2
2.300	-0.168	-4.290E-2	0.165	4.449E-2
2.317	-0.169	-4.542E-2	0.166	4.183E-2
2.333	-0.170	-4.632E-2	0.167	4.283E-2
2.350	-0.171	-4.981E-2	0.167	5.578E-2
2.367	-0.172	-5.036E-2	0.168	5.850E-2
2.383	-0.172	-6.068E-2	0.169	6.321E-2
2.400	-0.174	-7.035E-2	0.170	6.747E-2
2.417	-0.175	-7.480E-2	0.172	7.169E-2
2.433	-0.176	-7.413E-2	0.173	7.364E-2
2.450	-0.177	-7.441E-2	0.174	7.448E-2
2.467	-0.179	-7.826E-2	0.175	8.039E-2
2.483	-0.180	-7.963E-2	0.177	8.246E-2
2.500	-0.181	-8.209E-2	0.178	8.549E-2
2.517	-0.183	-8.234E-2	0.180	9.048E-2
2.533	-0.184	-8.955E-2	0.181	8.861E-2
2.550	-0.186	-9.658E-2	0.183	9.160E-2
2.567	-0.187	-9.636E-2	0.184	9.546E-2
2.583	-0.189	-0.101	0.186	9.352E-2
2.600	-0.191	-9.710E-2	0.187	9.584E-2
2.617	-0.192	-9.425E-2	0.189	9.915E-2
2.633	-0.194	-0.102	0.191	0.100
2.650	-0.195	-0.101	0.192	0.103
2.667	-0.197	-9.854E-2	0.194	0.104
2.683	-0.199	-0.102	0.196	0.102
2.700	-0.200	-0.103	0.197	0.104
2.717	-0.202	-9.992E-2	0.199	0.105
2.733	-0.204	-0.102	0.201	9.606E-2
2.750	-0.206	-0.101	0.202	9.831E-2
2.767	-0.207	-9.741E-2	0.204	0.104
2.783	-0.209	-9.960E-2	0.206	9.775E-2
2.800	-0.211	-9.795E-2	0.207	9.380E-2
2.817	-0.212	-9.597E-2	0.209	9.452E-2
2.833	-0.214	-9.319E-2	0.211	9.086E-2
2.850	-0.215	-8.955E-2	0.212	8.935E-2
2.867	-0.217	-8.823E-2	0.214	8.807E-2
2.883	-0.218	-8.530E-2	0.215	8.258E-2
2.900	-0.220	-7.779E-2	0.216	8.425E-2
2.917	-0.221	-7.694E-2	0.218	8.060E-2
2.933	-0.222	-7.731E-2	0.219	7.519E-2
2.950	-0.223	-6.875E-2	0.220	7.184E-2
2.967	-0.224	-6.540E-2	0.221	6.902E-2
2.983	-0.225	-6.361E-2	0.223	6.329E-2
3.000	-0.227	-6.392E-2	0.224	5.603E-2
3.017	-0.228	-5.880E-2	0.224	5.941E-2
3.033	-0.228	-4.982E-2	0.226	5.295E-2
3.050	-0.229	-4.718E-2	0.226	4.419E-2
3.067	-0.230	-4.858E-2	0.227	4.473E-2
3.083	-0.231	-3.802E-2	0.228	4.002E-2
3.100	-0.231	-3.121E-2	0.228	3.381E-2
3.117	-0.232	-2.981E-2	0.229	2.861E-2
3.133	-0.232	-2.288E-2	0.229	2.041E-2
3.150	-0.233	-1.743E-2	0.230	1.627E-2
3.167	-0.233	-1.456E-2	0.230	1.420E-2
3.183	-0.233	-1.056E-2	0.230	7.349E-3
3.200	-0.233	-6.974E-3	0.230	5.586E-3
3.217	-0.233	-9.284E-4	0.230	6.988E-4
3.233	-0.233	7.961E-3	0.230	-5.579E-3
3.250	-0.233	1.203E-2	0.230	-1.160E-2
3.267	-0.233	1.297E-2	0.230	-1.876E-2
3.283	-0.233	2.157E-2	0.229	-2.230E-2
3.300	-0.232	2.763E-2	0.229	-2.594E-2
3.317	-0.232	2.561E-2	0.229	-2.934E-2
3.333	-0.231	3.338E-2	0.228	-3.870E-2
3.350	-0.231	4.177E-2	0.227	-4.286E-2
3.367	-0.230	4.704E-2	0.227	-4.630E-2
3.383	-0.229	4.976E-2	0.226	-5.338E-2
3.400	-0.228	5.165E-2	0.225	-5.744E-2
3.417	-0.227	6.041E-2	0.224	-5.875E-2
3.433	-0.226	6.271E-2	0.223	-6.500E-2
3.450	-0.225	6.032E-2	0.222	-7.182E-2
3.467	-0.224	6.862E-2	0.220	-7.351E-2
3.483	-0.223	7.434E-2	0.219	-7.833E-2
3.500	-0.222	7.786E-2	0.218	-8.010E-2
3.517	-0.220	7.688E-2	0.216	-7.954E-2
3.533	-0.219	7.839E-2	0.215	-8.122E-2
3.550	-0.218	8.730E-2	0.214	-8.973E-2
3.567	-0.216	8.829E-2	0.212	-9.168E-2
3.583	-0.215	8.751E-2	0.211	-8.817E-2
3.600	-0.213	9.484E-2	0.209	-9.273E-2
3.617	-0.212	9.712E-2	0.208	-9.556E-2
3.633	-0.210	9.815E-2	0.206	-9.837E-2
3.650	-0.208	9.670E-2	0.204	-0.101
3.667	-0.207	9.347E-2	0.203	-0.103
3.683	-0.205	9.749E-2	0.201	-0.105
3.700	-0.204	0.103	0.199	-9.995E-2
3.717	-0.202	0.106	0.198	-9.949E-2
3.733	-0.200	9.968E-2	0.196	-0.101
3.750	-0.199	9.766E-2	0.194	-0.101
3.767	-0.197	9.861E-2	0.193	-9.845E-2
3.783	-0.195	9.792E-2	0.191	-9.998E-2
3.800	-0.194	9.944E-2	0.189	-9.859E-2
3.817	-0.192	9.582E-2	0.188	-9.624E-2
3.833	-0.190	9.281E-2	0.186	-9.875E-2
3.850	-0.189	9.629E-2	0.184	-0.102
3.867	-0.187	9.246E-2	0.183	-9.173E-2
3.883	-0.186	8.988E-2	0.181	-8.824E-2
3.900	-0.184	8.776E-2	0.180	-9.207E-2
3.917	-0.183	8.508E-2	0.178	-8.396E-2
3.933	-0.181	8.362E-2	0.177	-8.280E-2
3.950	-0.180	7.652E-2	0.175	-8.015E-2
3.967	-0.179	7.573E-2	0.174	-7.997E-2
3.983	-0.178	7.464E-2	0.173	-7.674E-2
4.000	-0.176	6.996E-2	0.172	-7.069E-2
4.017	-0.175	7.015E-2	0.170	-6.662E-2
4.033	-0.174	6.373E-2	0.169	-6.274E-2
4.050	-0.173	5.819E-2	0.168	-5.996E-2
4.067	-0.172	5.553E-2	0.167	-5.472E-2
4.083	-0.171	4.937E-2	0.167	-5.176E-2
4.100	-0.170	4.756E-2	0.166	-4.784E-2
4.117	-0.170	4.062E-2	0.165	-3.688E-2
4.133	-0.169	3.028E-2	0.164	-3.054E-2
4.150	-0.169	3.171E-2	0.164	-3.130E-2
4.167	-0.168	2.876E-2	0.163	-2.626E-2
4.183	-0.168	2.090E-2	0.163	-2.291E-2
4.200	-0.167	1.887E-2	0.163	-1.792E-2
4.217	-0.167	1.292E-2	0.162	-1.122E-2
4.233	-0.167	6.547E-3	0.162	-6.463E-3
4.250	-0.167	3.064E-3	0.162	-1.217E-3
4.267	-0.167	-1.571E-3	0.162	1.828E-3
4.283	-0.167	-3.836E-3	0.162	5.874E-3
4.300	-0.167	-1.113E-2	0.162	1.298E-2
4.317	-0.167	-1.981E-2	0.163	1.723E-2
4.333	-0.168	-1.971E-2	0.163	1.957E-2
4.350	-0.168	-2.383E-2	0.163	3.134E-2
4.367	-0.168	-3.619E-2	0.164	3.574E-2
4.383	-0.169	-4.247E-2	0.165	3.534E-2
4.400	-0.170	-3.729E-2	0.165	4.514E-2
4.417	-0.170	-4.247E-2	0.166	5.033E-2
4.433	-0.171	-5.155E-2	0.167	4.967E-2
4.450	-0.172	-5.385E-2	0.168	5.580E-2
4.467	-0.173	-6.273E-2	0.169	6.135E-2
4.483	-0.174	-6.611E-2	0.170	6.457E-2
4.500	-0.175	-6.433E-2	0.171	7.288E-2
4.517	-0.176	-6.802E-2	0.172	7.745E-2
4.533	-0.177	-7.131E-2	0.173	7.555E-2
4.550	-0.179	-7.185E-2	0.175	7.869E-2
4.567	-0.180	-7.715E-2	0.176	8.457E-2
4.583	-0.181	-8.719E-2	0.178	8.607E-2
4.600	-0.183	-8.894E-2	0.179	8.616E-2
4.617	-0.184	-8.926E-2	0.180	8.682E-2
4.633	-0.186	-9.046E-2	0.182	9.186E-2
4.650	-0.187	-9.407E-2	0.183	9.369E-2
4.667	-0.189	-9.632E-2	0.185	9.733E-2
4.683	-0.190	-9.208E-2	0.187	9.903E-2
4.700	-0.192	-9.657E-2	0.188	9.735E-2
4.717	-0.194	-9.576E-2	0.190	0.101
4.733	-0.195	-9.615E-2	0.192	9.986E-2
4.750	-0.197	-0.102	0.193	0.103
4.767	-0.199	-9.997E-2	0.195	0.106
4.783	-0.200	-9.934E-2	0.197	0.102
4.800	-0.202	-9.730E-2	0.199	0.102
4.817	-0.203	-9.570E-2	0.200	9.781E-2
4.833	-0.205	-9.751E-2	0.202	9.760E-2
4.850	-0.207	-9.982E-2	0.203	0.100
4.867	-0.208	-9.865E-2	0.205	9.842E-2
4.883	-0.210	-9.302E-2	0.207	9.550E-2
4.900	-0.211	-8.656E-2	0.208	9.218E-2
4.917	-0.213	-9.203E-2	0.210	9.334E-2
4.933	-0.215	-8.964E-2	0.211	9.256E-2
4.950	-0.216	-8.275E-2	0.213	8.713E-2
4.967	-0.217	-8.035E-2	0.214	8.781E-2
4.983	-0.219	-7.783E-2	0.216	8.671E-2
5.000	-0.220	-7.826E-2	0.217	8.065E-2
5.017	-0.221	-7.758E-2	0.219	7.594E-2
5.033	-0.222	-7.628E-2	0.220	6.956E-2
5.050	-0.224	-6.801E-2	0.221	6.642E-2
5.067	-0.225	-6.222E-2	0.222	6.793E-2
5.083	-0.226	-5.886E-2	0.223	6.043E-2
5.100	-0.227	-5.611E-2	0.224	5.503E-2
5.117	-0.228	-5.401E-2	0.225	5.489E-2
5.133	-0.228	-5.040E-2	0.226	4.773E-2
5.150	-0.229	-4.587E-2	0.227	4.247E-2
5.167	-0.230	-3.928E-2	0.227	4.386E-2
5.183	-0.231	-3.307E-2	0.228	3.696E-2
5.200	-0.231	-3.321E-2	0.228	2.989E-2
5.217	-0.232	-2.667E-2	0.229	2.416E-2
5.233	-0.232	-1.735E-2	0.229	1.785E-2
5.250	-0.232	-1.549E-2	0.230	1.722E-2
5.267	-0.233	-1.211E-2	0.230	9.025E-3
5.283	-0.233	-3.013E-3	0.230	2.831E-3
5.300	-0.233	2.751E-3	0.230	-8.776E-4
5.317	-0.233	6.417E-3	0.230	-8.250E-3
5.333	-0.232	1.108E-2	0.230	-9.714E-3
5.350	-0.232	1.352E-2	0.230	-1.295E-2
5.367	-0.232	2.196E-2	0.229	-1.989E-2
5.383	-0.232	2.783E-2	0.229	-2.172E-2
5.400	-0.231	2.978E-2	0.228	-2.824E-2
5.417	-0.231	2.917E-2	0.228	-3.722E-2
5.433	-0.230	3.754E-2	0.227	-3.770E-2
5.450	-0.229	4.877E-2	0.227	-4.048E-2
5.467	-0.228	5.167E-2	0.226	-4.775E-2
5.483	-0.228	4.674E-2	0.225	-5.159E-2
5.500	-0.227	5.050E-2	0.224	-5.910E-2
5.517	-0.226	6.132E-2	0.223	-6.049E-2
5.533	-0.225	6.544E-2	0.222	-6.100E-2
5.550	-0.224	6.923E-2	0.221	-6.859E-2
5.567	-0.223	7.297E-2	0.220	-7.272E-2
5.583	-0.221	7.671E-2	0.219	-7.698E-2
5.600	-0.220	8.194E-2	0.217	-8.017E-2
5.617	-0.219	8.110E-2	0.216	-8.016E-2
5.633	-0.217	7.794E-2	0.215	-8.449E-2
5.650	-0.216	8.374E-2	0.213	-8.789E-2
5.667	-0.214	9.010E-2	0.212	-8.679E-2
5.683	-0.213	9.237E-2	0.210	-9.378E-2
5.700	-0.211	9.000E-2	0.209	-0.102
5.717	-0.210	9.521E-2	0.207	-9.719E-2
5.733	-0.208	0.101	0.205	-9.436E-2
5.750	-0.207	9.725E-2	0.204	-9.863E-2
5.767	-0.205	9.335E-2	0.202	-0.103
5.783	-0.203	9.850E-2	0.200	-0.105
5.800	-0.202	0.101	0.199	-9.923E-2
5.817	-0.200	9.843E-2	0.197	-9.861E-2
5.833	-0.198	9.971E-2	0.195	-0.102
5.850	-0.197	9.750E-2	0.194	-0.101
5.867	-0.195	9.882E-2	0.192	-0.101
5.883	-0.193	0.103	0.190	-0.104
5.900	-0.192	9.793E-2	0.188	-0.101
5.917	-0.190	8.840E-2	0.187	-9.644E-2
5.933	-0.189	8.811E-2	0.185	-9.700E-2
5.950	-0.187	8.985E-2	0.184	-9.302E-2
5.967	-0.186	9.042E-2	0.182	-8.729E-2
5.983	-0.184	8.526E-2	0.181	-9.117E-2
6.000	-0.183	7.988E-2	0.179	-8.962E-2
6.017	-0.182	8.250E-2	0.178	-8.337E-2
6.033	-0.180	7.772E-2	0.176	-8.016E-2
6.050	-0.179	7.516E-2	0.175	-7.578E-2
6.067	-0.178	7.066E-2	0.174	-7.556E-2
6.083	-0.177	6.603E-2	0.173	-7.177E-2
6.100	-0.176	6.413E-2	0.171	-6.498E-2
6.117	-0.175	5.984E-2	0.170	-5.832E-2
6.133	-0.174	6.202E-2	0.169	-6.043E-2
6.150	-0.172	5.657E-2	0.168	-6.063E-2
6.167	-0.172	4.826E-2	0.167	-5.303E-2
6.183	-0.171	4.409E-2	0.167	-4.972E-2
6.200	-0.170	4.032E-2	0.166	-4.562E-2
6.217	-0.170	3.353E-2	0.165	-3.932E-2
6.233	-0.169	2.935E-2	0.164	-3.149E-2
6.250	-0.169	2.995E-2	0.164	-2.773E-2
6.267	-0.168	2.494E-2	0.164	-2.284E-2
6.283	-0.168	1.955E-2	0.163	-1.690E-2
6.300	-0.167	1.441E-2	0.163	-1.542E-2
6.317	-0.167	7.354E-3	0.163	-1.237E-2
6.333	-0.167	1.972E-4	0.163	-4.171E-3
6.350	-0.167	-1.736E-3	0.163	6.834E-3
6.367	-0.167	-6.685E-3	0.163	5.661E-3
6.383	-0.167	-1.251E-2	0.163	8.573E-3
6.400	-0.168	-1.555E-2	0.163	1.769E-2
6.417	-0.168	-2.573E-2	0.163	2.380E-2
6.433	-0.168	-3.124E-2	0.164	2.688E-2
6.450	-0.169	-3.405E-2	0.164	2.966E-2
6.467	-0.170	-3.482E-2	0.165	3.339E-2
6.483	-0.170	-3.799E-2	0.165	3.634E-2
6.500	-0.171	-4.420E-2	0.166	4.233E-2
6.517	-0.172	-4.802E-2	0.167	5.044E-2
6.533	-0.172	-5.957E-2	0.168	5.275E-2
6.550	-0.174	-6.102E-2	0.169	5.810E-2
6.567	-0.175	-5.508E-2	0.170	6.770E-2
6.583	-0.175	-6.570E-2	0.171	6.795E-2
6.600	-0.177	-7.146E-2	0.172	6.662E-2
6.617	-0.178	-6.885E-2	0.173	7.206E-2
6.633	-0.179	-7.636E-2	0.174	7.312E-2
6.650	-0.180	-8.007E-2	0.175	7.470E-2
6.667	-0.182	-7.936E-2	0.177	8.401E-2
6.683	-0.183	-8.447E-2	0.178	8.365E-2
6.700	-0.184	-8.898E-2	0.180	8.760E-2
6.717	-0.186	-9.072E-2	0.181	9.086E-2
6.733	-0.188	-8.975E-2	0.183	8.540E-2
6.750	-0.189	-9.332E-2	0.184	9.091E-2
6.767	-0.191	-9.834E-2	0.186	0.101
6.783	-0.192	-9.555E-2	0.187	0.101
6.800	-0.194	-9.601E-2	0.189	9.739E-2
6.817	-0.195	-0.102	0.191	9.729E-2
6.833	-0.197	-9.686E-2	0.192	0.101
6.850	-0.199	-9.568E-2	0.194	0.102
6.867	-0.200	-9.778E-2	0.196	9.706E-2
6.883	-0.202	-9.433E-2	0.197	9.776E-2
6.900	-0.204	-9.683E-2	0.199	0.102
6.917	-0.205	-9.898E-2	0.201	0.102
6.933	-0.207	-0.100	0.202	9.764E-2
6.950	-0.209	-9.584E-2	0.204	9.537E-2
6.967	-0.210	-8.955E-2	0.206	9.590E-2
6.983	-0.212	-9.189E-2	0.207	9.332E-2
7.000	-0.213	-9.324E-2	0.209	9.267E-2
7.017	-0.215	-8.920E-2	0.210	9.188E-2
7.033	-0.216	-8.276E-2	0.212	9.027E-2
7.050	-0.217	-8.409E-2	0.213	8.794E-2
7.067	-0.219	-8.417E-2	0.215	8.107E-2
7.083	-0.220	-7.566E-2	0.216	7.871E-2
7.100	-0.221	-7.262E-2	0.217	7.593E-2
7.117	-0.223	-7.015E-2	0.218	7.566E-2
7.133	-0.224	-6.362E-2	0.220	7.199E-2
7.150	-0.225	-5.915E-2	0.221	6.442E-2
7.167	-0.226	-6.126E-2	0.222	6.218E-2
7.183	-0.227	-5.897E-2	0.223	5.888E-2
7.200	-0.228	-4.917E-2	0.224	5.408E-2
7.217	-0.228	-4.589E-2	0.225	4.959E-2
7.233	-0.229	-4.183E-2	0.226	5.017E-2
7.250	-0.230	-4.180E-2	0.226	4.262E-2
7.267	-0.231	-3.704E-2	0.227	3.255E-2
7.283	-0.231	-2.949E-2	0.227	2.932E-2
7.300	-0.232	-2.449E-2	0.228	3.028E-2
7.317	-0.232	-1.865E-2	0.228	2.472E-2
7.333	-0.232	-1.858E-2	0.229	1.426E-2
7.350	-0.232	-1.230E-2	0.229	1.075E-2
7.367	-0.233	-2.487E-3	0.229	7.654E-3
7.383	-0.233	1.870E-3	0.229	1.763E-3
7.400	-0.233	7.440E-3	0.229	-3.598E-3
7.417	-0.232	9.346E-3	0.229	-6.999E-3
7.433	-0.232	9.548E-3	0.229	-1.125E-2
7.450	-0.232	1.848E-2	0.229	-1.646E-2
7.467	-0.232	2.154E-2	0.228	-2.097E-2
7.483	-0.231	2.645E-2	0.228	-2.794E-2
7.500	-0.231	3.474E-2	0.227	-3.320E-2
7.517	-0.230	4.267E-2	0.227	-3.678E-2
7.533	-0.229	4.040E-2	0.226	-4.292E-2
7.550	-0.229	4.189E-2	0.225	-4.897E-2
7.567	-0.228	5.204E-2	0.225	-4.969E-2
7.583	-0.227	5.852E-2	0.224	-5.555E-2
7.600	-0.226	6.326E-2	0.223	-6.107E-2
7.617	-0.225	6.360E-2	0.222	-5.986E-2
7.633	-0.224	6.806E-2	0.221	-6.536E-2
7.650	-0.223	7.414E-2	0.220	-7.097E-2
7.667	-0.221	7.625E-2	0.218	-7.096E-2
7.683	-0.220	7.937E-2	0.217	-7.422E-2
7.700	-0.219	8.132E-2	0.216	-7.985E-2
7.717	-0.217	8.010E-2	0.215	-7.790E-2
7.733	-0.216	8.450E-2	0.213	-8.224E-2
7.750	-0.215	9.000E-2	0.212	-9.078E-2
7.767	-0.213	9.137E-2	0.210	-9.101E-2
7.783	-0.212	8.743E-2	0.209	-9.004E-2
7.800	-0.210	9.487E-2	0.207	-9.520E-2
7.817	-0.208	0.102	0.206	-9.358E-2
7.833	-0.207	9.498E-2	0.204	-9.238E-2
7.850	-0.205	9.497E-2	0.203	-9.671E-2
7.867	-0.204	0.105	0.201	-9.552E-2
7.883	-0.202	0.101	0.199	-9.530E-2
7.900	-0.200	9.295E-2	0.198	-0.100
7.917	-0.199	9.747E-2	0.196	-9.794E-2
7.933	-0.197	9.911E-2	0.195	-9.625E-2
7.950	-0.195	9.714E-2	0.193	-0.101
7.967	-0.194	9.513E-2	0.191	-9.585E-2
7.983	-0.192	9.296E-2	0.190	-9.561E-2
8.000	-0.191	9.776E-2	0.188	-9.818E-2
8.017	-0.189	9.781E-2	0.186	-9.706E-2
8.033	-0.187	8.982E-2	0.185	-8.931E-2
8.050	-0.186	9.093E-2	0.183	-8.850E-2
8.067	-0.184	8.666E-2	0.182	-9.356E-2
8.083	-0.183	8.010E-2	0.180	-8.608E-2
8.100	-0.182	8.131E-2	0.179	-8.109E-2
8.117	-0.180	7.942E-2	0.178	-8.328E-2
8.133	-0.179	7.574E-2	0.176	-7.829E-2
8.150	-0.178	7.135E-2	0.175	-7.076E-2
8.167	-0.177	6.774E-2	0.174	-6.788E-2
8.183	-0.176	6.576E-2	0.173	-6.647E-2
8.200	-0.174	6.689E-2	0.172	-6.623E-2
8.217	-0.173	5.895E-2	0.170	-6.225E-2
8.233	-0.172	4.184E-2	0.169	-5.600E-2
8.250	-0.172	4.343E-2	0.169	-5.298E-2
8.267	-0.171	5.066E-2	0.168	-5.043E-2
8.283	-0.170	4.075E-2	0.167	-4.434E-2
8.300	-0.170	3.580E-2	0.166	-3.983E-2
8.317	-0.169	3.420E-2	0.166	-3.407E-2
8.333	-0.169	2.909E-2	0.165	-2.807E-2
8.350	-0.168	2.553E-2	0.165	-2.613E-2
8.367	-0.168	1.797E-2	0.164	-2.002E-2
8.383	-0.167	1.223E-2	0.164	-1.345E-2
8.400	-0.167	6.325E-3	0.164	-9.290E-3
8.417	-0.167	3.655E-3	0.164	-6.887E-3
8.433	-0.167	-1.342E-3	0.164	-4.992E-3
8.450	-0.167	-1.056E-2	0.164	-5.852E-4
8.467	-0.167	-8.194E-3	0.164	7.253E-3
8.483	-0.168	-9.754E-3	0.164	1.649E-2
8.500	-0.168	-2.079E-2	0.164	2.007E-2
8.517	-0.168	-2.902E-2	0.164	2.493E-2
8.533	-0.169	-2.996E-2	0.165	2.958E-2
8.550	-0.169	-3.054E-2	0.165	3.230E-2
8.567	-0.170	-3.508E-2	0.166	3.357E-2
8.583	-0.170	-4.318E-2	0.167	3.941E-2
8.600	-0.171	-5.130E-2	0.167	4.927E-2
8.617	-0.172	-5.131E-2	0.168	5.284E-2
8.633	-0.173	-5.713E-2	0.169	5.443E-2
8.650	-0.174	-5.676E-2	0.170	5.848E-2
8.667	-0.175	-6.120E-2	0.171	6.369E-2
8.683	-0.176	-7.716E-2	0.172	6.756E-2
8.700	-0.177	-7.312E-2	0.173	6.987E-2
8.717	-0.178	-7.239E-2	0.174	7.549E-2
8.733	-0.180	-7.813E-2	0.176	8.011E-2
8.750	-0.181	-7.991E-2	0.177	7.904E-2
8.767	-0.182	-8.394E-2	0.178	7.660E-2
8.783	-0.184	-8.964E-2	0.180	8.215E-2
8.800	-0.185	-9.112E-2	0.181	8.618E-2
8.817	-0.187	-8.833E-2	0.183	8.738E-2
8.833	-0.188	-9.639E-2	0.184	9.300E-2
8.850	-0.190	-9.599E-2	0.186	9.446E-2
8.867	-0.192	-9.439E-2	0.187	9.190E-2
8.883	-0.193	-0.103	0.189	9.427E-2
8.900	-0.195	-0.101	0.190	9.522E-2
8.917	-0.197	-9.337E-2	0.192	9.222E-2
8.933	-0.198	-9.629E-2	0.193	9.850E-2
8.950	-0.200	-0.100	0.195	0.102
8.967	-0.202	-0.102	0.197	9.851E-2
8.983	-0.203	-0.101	0.198	9.557E-2
9.000	-0.205	-9.556E-2	0.200	9.491E-2
9.017	-0.206	-9.117E-2	0.202	9.294E-2
9.033	-0.208	-9.775E-2	0.203	9.422E-2
9.050	-0.210	-0.101	0.205	9.507E-2
9.067	-0.211	-9.430E-2	0.206	9.235E-2
9.083	-0.213	-9.049E-2	0.208	9.341E-2
9.100	-0.214	-8.320E-2	0.209	9.118E-2
9.117	-0.216	-8.463E-2	0.211	8.748E-2
9.133	-0.217	-8.812E-2	0.212	8.669E-2
9.150	-0.219	-8.115E-2	0.214	8.435E-2
9.167	-0.220	-7.791E-2	0.215	7.608E-2
9.183	-0.221	-7.861E-2	0.216	7.320E-2
9.200	-0.222	-7.584E-2	0.218	7.088E-2
9.217	-0.224	-6.554E-2	0.219	6.426E-2
9.233	-0.225	-6.379E-2	0.220	6.391E-2
9.250	-0.226	-6.849E-2	0.221	6.566E-2
9.267	-0.227	-5.974E-2	0.222	6.450E-2
9.283	-0.228	-5.097E-2	0.223	5.267E-2
9.300	-0.229	-4.827E-2	0.224	4.515E-2
9.317	-0.229	-4.367E-2	0.224	4.522E-2
9.333	-0.230	-3.788E-2	0.225	4.340E-2
9.350	-0.231	-3.527E-2	0.226	3.488E-2
9.367	-0.231	-3.384E-2	0.226	3.022E-2
9.383	-0.232	-2.644E-2	0.227	3.066E-2
9.400	-0.232	-1.889E-2	0.227	2.215E-2
9.417	-0.232	-1.505E-2	0.228	1.785E-2
9.433	-0.233	-1.108E-2	0.228	1.486E-2
9.450	-0.233	-3.497E-3	0.228	7.605E-3
9.467	-0.233	-5.744E-3	0.228	1.699E-3
9.483	-0.233	-1.941E-3	0.228	-3.229E-3
9.500	-0.233	6.928E-3	0.228	-8.483E-3
9.517	-0.233	8.953E-3	0.228	-1.170E-2
9.533	-0.233	1.936E-2	0.228	-1.395E-2
9.550	-0.232	2.721E-2	0.227	-1.874E-2
9.567	-0.232	2.658E-2	0.227	-2.200E-2
9.583	-0.231	3.092E-2	0.227	-2.748E-2
9.600	-0.231	3.577E-2	0.226	-3.446E-2
9.617	-0.230	3.845E-2	0.226	-3.710E-2
9.633	-0.229	4.654E-2	0.225	-4.250E-2
9.650	-0.228	5.194E-2	0.224	-4.499E-2
9.667	-0.228	5.884E-2	0.223	-5.010E-2
9.683	-0.227	5.877E-2	0.222	-5.684E-2
9.700	-0.226	5.626E-2	0.221	-6.182E-2
9.717	-0.225	6.116E-2	0.220	-6.861E-2
9.733	-0.224	6.880E-2	0.219	-6.891E-2
9.750	-0.222	7.258E-2	0.218	-7.183E-2
9.767	-0.221	8.007E-2	0.217	-7.818E-2
9.783	-0.220	8.058E-2	0.215	-7.835E-2
9.800	-0.218	7.773E-2	0.214	-7.954E-2
9.817	-0.217	8.411E-2	0.213	-8.285E-2
9.833	-0.216	8.656E-2	0.211	-8.270E-2
9.850	-0.214	9.186E-2	0.210	-8.438E-2
9.867	-0.213	9.072E-2	0.209	-8.536E-2
9.883	-0.211	9.519E-2	0.207	-8.999E-2
9.900	-0.209	9.981E-2	0.206	-9.774E-2
9.917	-0.208	9.297E-2	0.204	-9.453E-2
9.933	-0.206	9.443E-2	0.202	-9.120E-2
9.950	-0.205	9.984E-2	0.201	-9.652E-2
9.967	-0.203	0.104	0.199	-9.388E-2
9.983	-0.201	0.102	0.198	-9.190E-2
10.000	-0.200	9.881E-2	0.196	-9.562E-2
10.017	-0.198	9.882E-2	0.195	-9.085E-2
10.033	-0.196	9.937E-2	0.193	-9.681E-2
10.050	-0.195	9.694E-2	0.191	-9.918E-2
10.067	-0.193	9.461E-2	0.190	-9.558E-2
10.083	-0.191	9.316E-2	0.188	-9.472E-2
10.100	-0.190	9.644E-2	0.187	-8.582E-2
10.117	-0.188	9.567E-2	0.185	-9.160E-2
10.133	-0.187	8.808E-2	0.184	-9.453E-2
10.150	-0.185	8.834E-2	0.182	-8.730E-2
10.167	-0.184	8.663E-2	0.181	-8.464E-2
10.183	-0.182	8.141E-2	0.179	-8.334E-2
10.200	-0.181	7.967E-2	0.178	-8.048E-2
10.217	-0.180	7.843E-2	0.177	-7.474E-2
10.233	-0.179	7.459E-2	0.175	-7.018E-2
10.250	-0.177	7.286E-2	0.174	-6.493E-2
10.267	-0.176	6.811E-2	0.173	-6.220E-2
10.283	-0.175	6.780E-2	0.172	-6.486E-2
10.300	-0.174	5.896E-2	0.171	-6.143E-2
10.317	-0.173	5.402E-2	0.170	-5.823E-2
10.333	-0.172	5.928E-2	0.169	-5.217E-2
10.350	-0.171	4.655E-2	0.168	-4.149E-2
10.367	-0.170	3.963E-2	0.168	-4.229E-2
10.383	-0.170	4.124E-2	0.167	-4.048E-2
10.400	-0.169	3.681E-2	0.166	-3.536E-2
10.417	-0.169	3.281E-2	0.166	-2.959E-2
10.433	-0.168	3.001E-2	0.165	-2.349E-2
10.450	-0.168	2.227E-2	0.165	-2.155E-2
10.467	-0.167	1.393E-2	0.165	-1.991E-2
10.483	-0.167	9.468E-3	0.164	-1.167E-2
10.500	-0.167	6.167E-3	0.164	-2.802E-3
10.517	-0.167	3.933E-3	0.164	1.441E-3
10.533	-0.167	-7.029E-4	0.164	6.389E-3
10.550	-0.167	-5.613E-3	0.165	7.815E-3
10.567	-0.167	-1.291E-2	0.165	1.111E-2
10.583	-0.167	-1.959E-2	0.165	1.713E-2
10.600	-0.168	-2.561E-2	0.165	2.086E-2
10.617	-0.168	-2.717E-2	0.166	2.858E-2
10.633	-0.169	-2.953E-2	0.166	3.359E-2
10.650	-0.169	-3.562E-2	0.167	3.764E-2
10.667	-0.170	-4.135E-2	0.167	4.219E-2
10.683	-0.171	-4.901E-2	0.168	4.225E-2
10.700	-0.171	-4.979E-2	0.169	4.721E-2
10.717	-0.172	-5.615E-2	0.170	5.395E-2
10.733	-0.173	-5.758E-2	0.171	5.602E-2
10.750	-0.174	-5.818E-2	0.172	6.204E-2
10.767	-0.175	-6.531E-2	0.173	6.666E-2
10.783	-0.176	-6.816E-2	0.174	6.849E-2
10.800	-0.177	-7.174E-2	0.175	7.150E-2
10.817	-0.179	-7.555E-2	0.176	7.671E-2
10.833	-0.180	-8.103E-2	0.178	7.865E-2
10.850	-0.181	-8.690E-2	0.179	7.781E-2
10.867	-0.183	-8.571E-2	0.180	8.273E-2
10.883	-0.184	-8.282E-2	0.182	8.402E-2
10.900	-0.186	-8.748E-2	0.183	8.580E-2
10.917	-0.187	-8.708E-2	0.184	9.294E-2
10.933	-0.189	-9.040E-2	0.186	9.516E-2
10.950	-0.190	-9.438E-2	0.188	9.196E-2
10.967	-0.192	-9.343E-2	0.189	9.408E-2
10.983	-0.193	-9.912E-2	0.191	9.421E-2
11.000	-0.195	-9.736E-2	0.192	9.439E-2
11.017	-0.197	-9.687E-2	0.194	9.779E-2
11.033	-0.198	-0.101	0.196	9.859E-2
11.050	-0.200	-9.809E-2	0.197	9.342E-2
11.067	-0.202	-0.100	0.199	9.469E-2
11.083	-0.203	-9.961E-2	0.200	9.456E-2
11.100	-0.205	-9.741E-2	0.202	9.262E-2
11.117	-0.206	-9.413E-2	0.203	9.627E-2
11.133	-0.208	-9.440E-2	0.205	9.270E-2
11.150	-0.210	-9.580E-2	0.207	9.587E-2
11.167	-0.211	-8.882E-2	0.208	9.326E-2
11.183	-0.213	-8.649E-2	0.210	8.676E-2
11.200	-0.214	-8.688E-2	0.211	8.860E-2
11.217	-0.216	-8.613E-2	0.213	8.310E-2
11.233	-0.217	-8.467E-2	0.214	7.868E-2
11.250	-0.218	-7.924E-2	0.215	8.079E-2
11.267	-0.220	-7.938E-2	0.217	7.975E-2
11.283	-0.221	-7.513E-2	0.218	7.301E-2
11.300	-0.222	-6.597E-2	0.219	6.666E-2
11.317	-0.223	-6.552E-2	0.220	6.393E-2
11.333	-0.224	-6.149E-2	0.221	5.925E-2
11.350	-0.225	-5.994E-2	0.222	5.668E-2
11.367	-0.226	-5.441E-2	0.223	5.407E-2
11.383	-0.227	-4.995E-2	0.224	4.934E-2
11.400	-0.228	-5.068E-2	0.225	4.512E-2
11.417	-0.229	-4.219E-2	0.225	3.696E-2
11.433	-0.229	-3.674E-2	0.226	3.569E-2
11.450	-0.230	-3.641E-2	0.227	3.701E-2
11.467	-0.231	-3.158E-2	0.227	3.233E-2
11.483	-0.231	-2.310E-2	0.228	2.658E-2
11.500	-0.231	-1.907E-2	0.228	1.599E-2
11.517	-0.232	-1.868E-2	0.228	1.023E-2
11.533	-0.232	-1.214E-2	0.228	1.174E-2
11.550	-0.232	-4.406E-3	0.229	2.904E-3
11.567	-0.232	-2.665E-3	0.228	-3.047E-3
11.583	-0.232	3.301E-3	0.228	-2.064E-3
11.600	-0.232	1.279E-2	0.228	-1.109E-2
11.617	-0.232	1.471E-2	0.228	-1.599E-2
11.633	-0.231	1.731E-2	0.228	-1.863E-2
11.650	-0.231	2.313E-2	0.227	-2.693E-2
11.667	-0.231	2.984E-2	0.227	-3.164E-2
11.683	-0.230	3.476E-2	0.226	-3.725E-2
11.700	-0.230	3.532E-2	0.226	-4.315E-2
11.717	-0.229	4.319E-2	0.225	-4.511E-2
11.733	-0.228	5.005E-2	0.224	-4.663E-2
11.750	-0.227	5.059E-2	0.223	-5.179E-2
11.767	-0.226	5.099E-2	0.222	-5.649E-2
11.783	-0.226	5.839E-2	0.222	-6.075E-2
11.800	-0.224	6.487E-2	0.220	-6.785E-2
11.817	-0.223	6.495E-2	0.219	-7.076E-2
11.833	-0.222	6.769E-2	0.218	-7.224E-2
11.850	-0.221	7.521E-2	0.217	-7.539E-2
11.867	-0.220	7.692E-2	0.216	-7.749E-2
11.883	-0.219	7.573E-2	0.214	-8.014E-2
11.900	-0.217	8.235E-2	0.213	-8.342E-2
11.917	-0.216	8.418E-2	0.212	-8.401E-2
11.933	-0.214	8.697E-2	0.210	-8.505E-2
11.950	-0.213	8.759E-2	0.209	-8.640E-2
11.967	-0.212	8.432E-2	0.207	-9.083E-2
11.983	-0.210	9.280E-2	0.206	-9.147E-2
12.000	-0.208	9.596E-2	0.204	-9.002E-2
12.017	-0.207	9.479E-2	0.203	-9.615E-2
12.033	-0.205	0.101	0.201	-9.795E-2
12.050	-0.204	9.936E-2	0.199	-9.546E-2
12.067	-0.202	9.358E-2	0.198	-9.509E-2
12.083	-0.200	9.641E-2	0.196	-9.290E-2
12.100	-0.199	9.534E-2	0.195	-9.291E-2
12.117	-0.197	9.230E-2	0.193	-9.784E-2
12.133	-0.196	9.649E-2	0.191	-9.280E-2
12.150	-0.194	9.585E-2	0.190	-9.320E-2
12.167	-0.192	9.418E-2	0.188	-9.527E-2
12.183	-0.191	9.191E-2	0.187	-8.961E-2
12.200	-0.189	9.037E-2	0.185	-9.080E-2
12.217	-0.188	9.022E-2	0.184	-8.719E-2
12.233	-0.186	8.987E-2	0.182	-8.514E-2
12.250	-0.185	8.691E-2	0.181	-8.871E-2
12.267	-0.184	8.089E-2	0.179	-8.226E-2
12.283	-0.182	8.132E-2	0.178	-7.743E-2
12.300	-0.181	7.732E-2	0.177	-7.797E-2
12.317	-0.180	7.528E-2	0.176	-7.257E-2
12.333	-0.178	7.101E-2	0.174	-6.880E-2
12.350	-0.177	6.437E-2	0.173	-6.752E-2
12.367	-0.176	6.694E-2	0.172	-6.462E-2
12.383	-0.175	6.068E-2	0.171	-6.089E-2
12.400	-0.174	5.529E-2	0.170	-5.491E-2
12.417	-0.173	5.299E-2	0.169	-5.109E-2
12.433	-0.172	4.910E-2	0.169	-4.885E-2
12.450	-0.172	4.475E-2	0.168	-4.256E-2
12.467	-0.171	4.161E-2	0.167	-3.941E-2
12.483	-0.170	3.796E-2	0.166	-3.719E-2
12.500	-0.170	3.307E-2	0.166	-3.340E-2
12.517	-0.169	2.995E-2	0.165	-3.170E-2
12.533	-0.169	2.267E-2	0.165	-2.322E-2
12.550	-0.168	1.660E-2	0.165	-1.490E-2
12.567	-0.168	1.517E-2	0.164	-1.081E-2
12.583	-0.168	8.967E-3	0.164	-5.599E-3
12.600	-0.168	2.679E-4	0.164	-2.355E-3
12.617	-0.168	-2.628E-3	0.164	4.073E-4
12.633	-0.168	-3.135E-3	0.164	5.609E-3
12.650	-0.168	-1.047E-2	0.164	1.550E-2
12.667	-0.168	-1.746E-2	0.165	1.864E-2
12.683	-0.169	-2.126E-2	0.165	2.074E-2
12.700	-0.169	-2.747E-2	0.165	2.820E-2
12.717	-0.169	-2.913E-2	0.166	3.304E-2
12.733	-0.170	-3.126E-2	0.166	3.494E-2
12.750	-0.170	-3.812E-2	0.167	3.889E-2
12.767	-0.171	-4.443E-2	0.168	4.334E-2
12.783	-0.172	-4.548E-2	0.168	4.838E-2
12.800	-0.173	-5.047E-2	0.169	5.036E-2
12.817	-0.174	-5.686E-2	0.170	5.658E-2
12.833	-0.175	-5.815E-2	0.171	6.305E-2
12.850	-0.176	-6.428E-2	0.172	6.372E-2
12.867	-0.177	-6.664E-2	0.173	7.015E-2
12.883	-0.178	-6.986E-2	0.175	7.102E-2
12.900	-0.179	-7.579E-2	0.176	7.343E-2
12.917	-0.180	-7.660E-2	0.177	7.663E-2
12.933	-0.182	-7.751E-2	0.178	8.093E-2
12.950	-0.183	-7.826E-2	0.180	8.802E-2
12.967	-0.184	-8.392E-2	0.181	8.594E-2
12.983	-0.186	-8.709E-2	0.183	8.371E-2
13.000	-0.187	-8.711E-2	0.184	8.745E-2
13.017	-0.189	-8.969E-2	0.186	9.015E-2
13.033	-0.190	-8.805E-2	0.187	9.256E-2
13.050	-0.192	-9.348E-2	0.189	9.687E-2
13.067	-0.193	-9.600E-2	0.190	9.824E-2
13.083	-0.195	-9.276E-2	0.192	9.263E-2
13.100	-0.196	-9.365E-2	0.193	9.447E-2
13.117	-0.198	-9.424E-2	0.195	0.102
13.133	-0.199	-9.438E-2	0.197	9.609E-2
13.150	-0.201	-9.459E-2	0.198	9.254E-2
13.167	-0.203	-9.408E-2	0.200	9.638E-2
13.183	-0.204	-9.415E-2	0.201	9.799E-2
13.200	-0.206	-9.452E-2	0.203	9.255E-2
13.217	-0.207	-9.228E-2	0.205	9.083E-2
13.233	-0.209	-9.052E-2	0.206	8.833E-2
13.250	-0.210	-8.980E-2	0.207	8.775E-2
13.267	-0.212	-8.790E-2	0.209	9.189E-2
13.283	-0.213	-8.374E-2	0.211	8.950E-2
13.300	-0.215	-8.702E-2	0.212	8.215E-2
13.317	-0.216	-7.994E-2	0.213	8.136E-2
13.333	-0.217	-7.419E-2	0.215	8.137E-2
13.350	-0.219	-7.437E-2	0.216	7.800E-2
13.367	-0.220	-7.283E-2	0.217	7.338E-2
13.383	-0.221	-7.351E-2	0.218	6.841E-2
13.400	-0.222	-6.693E-2	0.220	6.693E-2
13.417	-0.223	-5.895E-2	0.221	6.631E-2
13.433	-0.224	-5.738E-2	0.222	6.216E-2
13.450	-0.225	-5.779E-2	0.223	5.352E-2
13.467	-0.226	-5.184E-2	0.224	5.167E-2
13.483	-0.227	-4.513E-2	0.224	5.033E-2
13.500	-0.228	-3.928E-2	0.225	4.161E-2
13.517	-0.228	-3.990E-2	0.226	3.456E-2
13.533	-0.229	-3.845E-2	0.226	3.222E-2
13.550	-0.229	-3.371E-2	0.227	2.553E-2
13.567	-0.230	-2.966E-2	0.227	2.297E-2
13.583	-0.230	-2.363E-2	0.228	2.245E-2
13.600	-0.231	-1.745E-2	0.228	1.211E-2
13.617	-0.231	-1.495E-2	0.228	8.503E-3
13.633	-0.231	-6.160E-3	0.228	6.872E-3
13.650	-0.231	4.395E-3	0.228	-6.721E-4
13.667	-0.231	3.065E-3	0.228	-5.911E-4
13.683	-0.231	1.132E-3	0.228	-4.929E-3
13.700	-0.231	9.907E-3	0.228	-1.760E-2
13.717	-0.231	1.862E-2	0.228	-1.899E-2
13.733	-0.231	2.289E-2	0.227	-2.226E-2
13.750	-0.230	2.547E-2	0.227	-3.214E-2
13.767	-0.230	2.975E-2	0.226	-3.577E-2
13.783	-0.229	3.855E-2	0.226	-4.338E-2
13.800	-0.228	4.259E-2	0.225	-4.370E-2
13.817	-0.228	4.699E-2	0.224	-4.328E-2
13.833	-0.227	5.039E-2	0.224	-5.038E-2
13.850	-0.226	4.853E-2	0.223	-5.338E-2
13.867	-0.225	5.285E-2	0.222	-5.751E-2
13.883	-0.224	5.684E-2	0.221	-6.172E-2
13.900	-0.223	5.996E-2	0.220	-6.583E-2
13.917	-0.222	6.844E-2	0.219	-6.935E-2
13.933	-0.221	7.342E-2	0.217	-7.421E-2
13.950	-0.220	7.093E-2	0.216	-7.445E-2
13.967	-0.219	7.405E-2	0.215	-7.792E-2
13.983	-0.217	8.242E-2	0.213	-8.261E-2
14.000	-0.216	8.307E-2	0.212	-8.367E-2
14.017	-0.215	8.330E-2	0.211	-8.547E-2
14.033	-0.213	8.777E-2	0.209	-8.363E-2
14.050	-0.212	8.893E-2	0.208	-8.593E-2
14.067	-0.210	9.426E-2	0.206	-8.800E-2
14.083	-0.208	9.611E-2	0.205	-9.428E-2
14.100	-0.207	9.171E-2	0.203	-9.567E-2
14.117	-0.205	9.121E-2	0.202	-9.331E-2
14.133	-0.204	9.021E-2	0.200	-9.404E-2
14.150	-0.202	9.496E-2	0.199	-9.391E-2
14.167	-0.201	9.183E-2	0.197	-9.852E-2
14.183	-0.199	8.851E-2	0.195	-9.875E-2
14.200	-0.198	9.361E-2	0.194	-9.519E-2
14.217	-0.196	9.280E-2	0.192	-9.657E-2
14.233	-0.195	9.307E-2	0.191	-9.340E-2
14.250	-0.193	9.419E-2	0.189	-9.325E-2
14.267	-0.192	8.975E-2	0.187	-9.289E-2
14.283	-0.190	8.511E-2	0.186	-8.741E-2
14.300	-0.189	8.716E-2	0.184	-9.060E-2
14.317	-0.187	8.776E-2	0.183	-9.074E-2
14.333	-0.186	8.482E-2	0.181	-8.692E-2
14.350	-0.184	8.271E-2	0.180	-8.378E-2
14.367	-0.183	7.856E-2	0.179	-8.173E-2
14.383	-0.182	7.428E-2	0.177	-8.006E-2
14.400	-0.181	6.999E-2	0.176	-7.502E-2
14.417	-0.179	6.688E-2	0.175	-7.084E-2
14.433	-0.178	6.462E-2	0.174	-7.226E-2
14.450	-0.177	6.194E-2	0.172	-7.162E-2
14.467	-0.176	5.993E-2	0.171	-6.245E-2
14.483	-0.175	5.605E-2	0.170	-5.860E-2
14.500	-0.174	5.153E-2	0.169	-5.383E-2
14.517	-0.174	4.816E-2	0.169	-4.548E-2
14.533	-0.173	4.309E-2	0.168	-4.546E-2
14.550	-0.172	4.475E-2	0.167	-4.158E-2
14.567	-0.171	2.449E-2	0.166	-1.872E-2
14.583	-0.171	1.590E-2	0.166	-1.924E-2
14.600	-0.171	3.149E-2	0.166	-3.366E-2
14.617	-0.170	2.943E-2	0.165	-2.589E-2
14.633	-0.170	2.936E-2	0.165	-1.935E-2
14.650	-0.169	2.033E-2	0.165	-1.831E-2
14.667	-0.169	1.401E-2	0.164	-1.277E-2
14.683	-0.169	9.481E-3	0.164	-4.924E-3
14.700	-0.169	9.017E-4	0.164	-6.071E-3
14.717	-0.169	-3.502E-3	0.164	-8.879E-4
14.733	-0.169	-5.311E-3	0.164	5.812E-3
14.750	-0.169	-8.654E-3	0.164	9.316E-3
14.767	-0.169	-1.324E-2	0.164	1.660E-2
14.783	-0.169	-2.023E-2	0.165	1.859E-2
14.800	-0.170	-2.432E-2	0.165	2.345E-2
14.817	-0.170	-2.294E-2	0.166	3.527E-2
14.833	-0.171	-3.360E-2	0.166	3.675E-2
14.850	-0.171	-3.771E-2	0.167	3.859E-2
14.867	-0.172	-3.992E-2	0.167	4.452E-2
14.883	-0.173	-5.005E-2	0.168	4.738E-2
14.900	-0.174	-5.340E-2	0.169	5.092E-2
14.917	-0.174	-5.129E-2	0.170	5.787E-2
14.933	-0.175	-5.608E-2	0.171	6.042E-2
14.950	-0.176	-6.054E-2	0.172	5.803E-2
14.967	-0.177	-6.252E-2	0.173	6.534E-2
14.983	-0.178	-6.731E-2	0.174	6.979E-2
15.000	-0.180	-7.138E-2	0.175	7.515E-2
15.017	-0.181	-7.775E-2	0.177	7.547E-2
15.033	-0.182	-7.569E-2	0.178	7.486E-2
15.050	-0.183	-7.559E-2	0.179	8.446E-2
15.067	-0.185	-8.047E-2	0.181	8.718E-2
15.083	-0.186	-8.609E-2	0.182	8.485E-2
15.100	-0.188	-8.650E-2	0.183	8.574E-2
15.117	-0.189	-8.287E-2	0.185	8.775E-2
15.133	-0.190	-9.393E-2	0.186	9.316E-2
15.150	-0.192	-9.426E-2	0.188	9.479E-2
15.167	-0.193	-8.427E-2	0.189	9.305E-2
15.183	-0.195	-9.110E-2	0.191	9.763E-2
15.200	-0.196	-9.217E-2	0.193	9.776E-2
15.217	-0.198	-9.226E-2	0.194	9.473E-2
15.233	-0.200	-9.469E-2	0.196	9.740E-2
15.250	-0.201	-9.347E-2	0.198	0.100
15.267	-0.203	-9.532E-2	0.199	9.580E-2
15.283	-0.204	-9.204E-2	0.201	9.834E-2
15.300	-0.206	-9.034E-2	0.203	9.501E-2
15.317	-0.207	-8.829E-2	0.204	8.992E-2
15.333	-0.209	-8.887E-2	0.206	9.014E-2
15.350	-0.210	-8.770E-2	0.207	8.890E-2
15.367	-0.212	-8.633E-2	0.208	9.150E-2
15.383	-0.213	-8.470E-2	0.210	9.033E-2
15.400	-0.214	-7.941E-2	0.212	8.689E-2
15.417	-0.216	-7.969E-2	0.213	8.118E-2
15.433	-0.217	-7.800E-2	0.214	8.168E-2
15.450	-0.218	-7.345E-2	0.216	7.754E-2
15.467	-0.220	-7.511E-2	0.217	7.042E-2
15.483	-0.221	-6.933E-2	0.218	6.799E-2
15.500	-0.222	-6.388E-2	0.219	6.497E-2
15.517	-0.223	-6.541E-2	0.220	6.674E-2
15.533	-0.224	-5.935E-2	0.221	6.256E-2
15.550	-0.225	-5.479E-2	0.222	5.245E-2
15.567	-0.226	-5.283E-2	0.223	5.123E-2
15.583	-0.227	-4.698E-2	0.224	5.017E-2
15.600	-0.227	-3.983E-2	0.225	4.499E-2
15.617	-0.228	-3.488E-2	0.225	4.071E-2
15.633	-0.229	-3.466E-2	0.226	3.663E-2
15.650	-0.229	-2.881E-2	0.227	3.493E-2
15.667	-0.230	-2.062E-2	0.227	2.495E-2
15.683	-0.230	-2.652E-2	0.227	1.609E-2
15.700	-0.230	-1.574E-2	0.228	1.556E-2
15.717	-0.230	-5.262E-3	0.228	1.165E-2
15.733	-0.231	-9.491E-3	0.228	8.618E-3
15.750	-0.231	-4.247E-3	0.228	3.851E-3
15.767	-0.231	2.968E-3	0.228	-3.054E-4
15.783	-0.231	6.138E-3	0.228	-4.569E-3
15.800	-0.231	8.833E-3	0.228	-1.247E-2
15.817	-0.230	1.621E-2	0.228	-1.793E-2
15.833	-0.230	2.002E-2	0.228	-2.225E-2
15.850	-0.230	2.503E-2	0.227	-2.588E-2
15.867	-0.229	3.357E-2	0.227	-2.861E-2
15.883	-0.229	3.662E-2	0.226	-3.418E-2
15.900	-0.228	4.160E-2	0.226	-3.904E-2
15.917	-0.227	4.404E-2	0.225	-4.373E-2
15.933	-0.226	4.561E-2	0.224	-4.638E-2
15.950	-0.226	5.549E-2	0.223	-5.158E-2
15.967	-0.225	5.561E-2	0.222	-5.410E-2
15.983	-0.224	5.978E-2	0.222	-5.818E-2
16.000	-0.223	6.544E-2	0.220	-6.683E-2
16.017	-0.222	6.744E-2	0.219	-6.993E-2
16.033	-0.220	6.260E-2	0.218	-7.384E-2
16.050	-0.220	6.693E-2	0.217	-7.715E-2
16.067	-0.218	7.952E-2	0.216	-7.996E-2
16.083	-0.217	7.696E-2	0.214	-7.694E-2
16.100	-0.216	7.954E-2	0.213	-7.676E-2
16.117	-0.214	8.217E-2	0.212	-8.161E-2
16.133	-0.213	9.070E-2	0.210	-8.514E-2
16.150	-0.211	9.295E-2	0.209	-8.862E-2
16.167	-0.210	8.562E-2	0.207	-9.374E-2
16.183	-0.208	8.770E-2	0.206	-9.080E-2
16.200	-0.207	8.850E-2	0.204	-9.169E-2
16.217	-0.205	9.027E-2	0.203	-9.453E-2
16.233	-0.204	9.005E-2	0.201	-9.347E-2
16.250	-0.202	9.023E-2	0.199	-9.437E-2
16.267	-0.201	9.537E-2	0.198	-9.416E-2
16.283	-0.199	9.760E-2	0.196	-9.339E-2
16.300	-0.198	9.351E-2	0.195	-9.652E-2
16.317	-0.196	8.970E-2	0.193	-9.628E-2
16.333	-0.195	9.207E-2	0.192	-9.415E-2
16.350	-0.193	8.931E-2	0.190	-9.381E-2
16.367	-0.192	8.752E-2	0.188	-9.087E-2
16.383	-0.190	8.647E-2	0.187	-8.960E-2
16.400	-0.189	8.418E-2	0.186	-8.575E-2
16.417	-0.187	8.313E-2	0.184	-8.711E-2
16.433	-0.186	8.213E-2	0.183	-8.475E-2
16.450	-0.185	8.086E-2	0.181	-8.403E-2
16.467	-0.183	7.745E-2	0.180	-8.301E-2
16.483	-0.182	7.617E-2	0.178	-7.572E-2
16.500	-0.181	7.519E-2	0.177	-7.266E-2
16.517	-0.179	6.925E-2	0.176	-7.088E-2
16.533	-0.178	6.125E-2	0.175	-6.592E-2
16.550	-0.177	6.235E-2	0.174	-6.404E-2
16.567	-0.176	6.410E-2	0.173	-6.236E-2
16.583	-0.175	5.677E-2	0.172	-6.106E-2
16.600	-0.174	5.139E-2	0.171	-5.491E-2
16.617	-0.174	4.876E-2	0.170	-4.951E-2
16.633	-0.173	4.553E-2	0.169	-4.990E-2
16.650	-0.172	4.144E-2	0.168	-4.362E-2
16.667	-0.171	3.807E-2	0.168	-3.822E-2
16.683	-0.171	3.115E-2	0.167	-3.565E-2
16.700	-0.170	2.720E-2	0.166	-3.491E-2
16.717	-0.170	2.690E-2	0.166	-2.495E-2
16.733	-0.169	1.654E-2	0.166	-1.901E-2
16.750	-0.169	1.396E-2	0.165	-1.948E-2
16.767	-0.169	1.014E-2	0.165	-1.479E-2
16.783	-0.169	3.269E-3	0.165	-8.764E-3
16.800	-0.169	1.907E-3	0.165	-9.731E-4
16.817	-0.169	-4.494E-3	0.165	-6.788E-4
16.833	-0.169	-1.030E-2	0.165	4.994E-3
16.850	-0.169	-1.352E-2	0.165	1.666E-2
16.867	-0.170	-2.016E-2	0.165	2.070E-2
16.883	-0.170	-2.253E-2	0.166	2.130E-2
16.900	-0.170	-2.709E-2	0.166	2.541E-2
16.917	-0.171	-3.307E-2	0.166	3.012E-2
16.933	-0.171	-3.399E-2	0.167	3.448E-2
16.950	-0.172	-4.327E-2	0.168	3.985E-2
16.967	-0.173	-4.536E-2	0.168	4.516E-2
16.983	-0.173	-4.009E-2	0.169	4.956E-2
17.000	-0.174	-5.453E-2	0.170	5.188E-2
17.017	-0.175	-6.215E-2	0.171	5.919E-2
17.033	-0.176	-5.908E-2	0.172	5.932E-2
17.050	-0.177	-6.630E-2	0.173	5.877E-2
17.067	-0.178	-6.956E-2	0.174	6.978E-2
17.083	-0.180	-7.083E-2	0.175	7.374E-2
17.100	-0.181	-7.412E-2	0.176	7.361E-2
17.117	-0.182	-7.790E-2	0.178	7.720E-2
17.133	-0.183	-7.905E-2	0.179	8.106E-2
17.150	-0.185	-8.120E-2	0.180	7.729E-2
17.167	-0.186	-8.518E-2	0.181	8.058E-2
17.183	-0.188	-8.356E-2	0.183	8.901E-2
17.200	-0.189	-8.089E-2	0.184	9.203E-2
17.217	-0.190	-9.301E-2	0.186	9.409E-2
17.233	-0.192	-9.507E-2	0.188	8.908E-2
17.250	-0.193	-8.558E-2	0.189	8.699E-2
17.267	-0.195	-8.859E-2	0.190	9.310E-2
17.283	-0.196	-9.428E-2	0.192	9.396E-2
17.300	-0.198	-9.503E-2	0.194	9.270E-2
17.317	-0.200	-9.191E-2	0.195	9.777E-2
17.333	-0.201	-9.286E-2	0.197	9.340E-2
17.350	-0.203	-9.308E-2	0.198	9.028E-2
17.367	-0.204	-8.841E-2	0.200	9.618E-2
17.383	-0.206	-9.334E-2	0.201	9.482E-2
17.400	-0.207	-9.128E-2	0.203	9.620E-2
17.417	-0.209	-8.812E-2	0.205	9.430E-2
17.433	-0.210	-9.173E-2	0.206	8.712E-2
17.450	-0.212	-8.456E-2	0.208	8.787E-2
17.467	-0.213	-8.337E-2	0.209	8.680E-2
17.483	-0.214	-8.176E-2	0.210	8.119E-2
17.500	-0.216	-8.123E-2	0.212	8.195E-2
17.517	-0.217	-7.921E-2	0.213	8.082E-2
17.533	-0.218	-7.349E-2	0.214	7.394E-2
17.550	-0.220	-7.276E-2	0.216	7.182E-2
17.567	-0.221	-6.875E-2	0.217	6.843E-2
17.583	-0.222	-6.578E-2	0.218	6.471E-2
17.600	-0.223	-6.557E-2	0.219	6.452E-2
17.617	-0.224	-6.108E-2	0.220	6.092E-2
17.633	-0.225	-5.469E-2	0.221	5.429E-2
17.650	-0.226	-5.052E-2	0.222	5.034E-2
17.667	-0.227	-4.630E-2	0.223	4.921E-2
17.683	-0.227	-3.936E-2	0.224	4.786E-2
17.700	-0.228	-3.735E-2	0.224	4.485E-2
17.717	-0.229	-3.543E-2	0.225	3.594E-2
17.733	-0.229	-2.759E-2	0.226	3.036E-2
17.750	-0.230	-2.443E-2	0.226	3.041E-2
17.767	-0.230	-2.054E-2	0.227	2.479E-2
17.783	-0.230	-1.415E-2	0.227	1.695E-2
17.800	-0.230	-1.017E-2	0.227	1.591E-2
17.817	-0.231	-6.672E-3	0.227	1.462E-2
17.833	-0.231	7.435E-4	0.228	3.889E-3
17.850	-0.231	3.952E-3	0.228	-3.747E-3
17.867	-0.231	3.812E-3	0.227	-7.218E-3
17.883	-0.230	8.502E-3	0.227	-1.071E-2
17.900	-0.230	1.393E-2	0.227	-1.215E-2
17.917	-0.230	2.195E-2	0.227	-1.716E-2
17.933	-0.230	2.951E-2	0.227	-2.298E-2
17.950	-0.229	3.015E-2	0.226	-2.822E-2
17.967	-0.229	3.334E-2	0.226	-3.245E-2
17.983	-0.228	4.401E-2	0.225	-3.603E-2
18.000	-0.227	4.581E-2	0.224	-4.263E-2
18.017	-0.226	4.767E-2	0.224	-4.222E-2
18.033	-0.225	4.952E-2	0.223	-4.693E-2
18.050	-0.225	5.224E-2	0.222	-5.273E-2
18.067	-0.224	5.950E-2	0.221	-5.724E-2
18.083	-0.223	6.009E-2	0.220	-6.321E-2
18.100	-0.222	6.225E-2	0.219	-6.480E-2
18.117	-0.221	6.816E-2	0.218	-6.938E-2
18.133	-0.219	7.275E-2	0.217	-7.084E-2
18.150	-0.218	7.474E-2	0.216	-7.551E-2
18.167	-0.217	7.682E-2	0.214	-7.852E-2
18.183	-0.216	7.960E-2	0.213	-8.150E-2
18.200	-0.214	8.400E-2	0.212	-8.132E-2
18.217	-0.213	8.627E-2	0.210	-8.287E-2
18.233	-0.211	8.457E-2	0.209	-8.634E-2
18.250	-0.210	9.175E-2	0.207	-8.340E-2
18.267	-0.208	9.426E-2	0.206	-8.802E-2
18.283	-0.207	8.661E-2	0.205	-8.990E-2
18.300	-0.206	8.672E-2	0.203	-9.109E-2
18.317	-0.204	9.180E-2	0.201	-9.227E-2
18.333	-0.202	9.623E-2	0.200	-9.313E-2
18.350	-0.201	9.420E-2	0.198	-9.321E-2
18.367	-0.199	9.184E-2	0.197	-9.044E-2
18.383	-0.198	9.295E-2	0.195	-9.207E-2
18.400	-0.196	9.011E-2	0.194	-8.964E-2
18.417	-0.195	9.490E-2	0.192	-8.994E-2
18.433	-0.193	9.273E-2	0.191	-9.804E-2
18.450	-0.192	8.608E-2	0.189	-9.029E-2
18.467	-0.190	9.292E-2	0.188	-8.419E-2
18.483	-0.189	8.948E-2	0.186	-8.561E-2
18.500	-0.187	8.166E-2	0.185	-8.162E-2
18.517	-0.186	8.210E-2	0.184	-8.670E-2
18.533	-0.184	8.280E-2	0.182	-8.552E-2
18.550	-0.183	7.738E-2	0.181	-8.064E-2
18.567	-0.182	7.026E-2	0.179	-7.653E-2
18.583	-0.181	7.376E-2	0.178	-7.400E-2
18.600	-0.179	6.899E-2	0.177	-7.464E-2
18.617	-0.178	6.183E-2	0.176	-7.016E-2
18.633	-0.177	6.250E-2	0.175	-6.489E-2
18.650	-0.176	6.147E-2	0.174	-6.177E-2
18.667	-0.175	5.949E-2	0.172	-5.746E-2
18.683	-0.174	5.097E-2	0.172	-5.348E-2
18.700	-0.174	4.959E-2	0.171	-5.071E-2
18.717	-0.173	4.846E-2	0.170	-4.443E-2
18.733	-0.172	4.305E-2	0.169	-4.185E-2
18.750	-0.171	3.459E-2	0.169	-4.151E-2
18.767	-0.171	2.928E-2	0.168	-3.354E-2
18.783	-0.170	2.805E-2	0.167	-2.968E-2
18.800	-0.170	2.706E-2	0.167	-2.869E-2
18.817	-0.169	2.212E-2	0.166	-2.147E-2
18.833	-0.169	1.437E-2	0.166	-1.573E-2
18.850	-0.169	1.114E-2	0.166	-1.247E-2
18.867	-0.169	4.233E-3	0.166	-1.001E-2
18.883	-0.169	-2.324E-3	0.166	-4.221E-3
18.900	-0.169	-4.080E-3	0.166	4.130E-3
18.917	-0.169	-8.596E-3	0.166	7.714E-3
18.933	-0.169	-1.371E-2	0.166	1.204E-2
18.950	-0.169	-1.628E-2	0.166	1.683E-2
18.967	-0.170	-2.195E-2	0.166	1.675E-2
18.983	-0.170	-2.605E-2	0.167	2.573E-2
19.000	-0.171	-3.276E-2	0.167	3.630E-2
19.017	-0.171	-4.134E-2	0.168	3.580E-2
19.033	-0.172	-4.048E-2	0.168	3.785E-2
19.050	-0.173	-4.258E-2	0.169	4.379E-2
19.067	-0.173	-4.805E-2	0.170	4.784E-2
19.083	-0.174	-5.030E-2	0.171	5.037E-2
19.100	-0.175	-5.640E-2	0.172	5.224E-2
19.117	-0.176	-6.107E-2	0.172	5.970E-2
19.133	-0.177	-6.440E-2	0.174	6.208E-2
19.150	-0.178	-6.563E-2	0.175	6.146E-2
19.167	-0.179	-6.698E-2	0.176	7.000E-2
19.183	-0.180	-6.976E-2	0.177	7.148E-2
19.200	-0.182	-7.358E-2	0.178	7.094E-2
19.217	-0.183	-7.870E-2	0.179	7.362E-2
19.233	-0.184	-8.195E-2	0.180	7.805E-2
19.250	-0.186	-8.552E-2	0.182	8.241E-2
19.267	-0.187	-8.348E-2	0.183	8.596E-2
19.283	-0.188	-8.393E-2	0.185	8.466E-2
19.300	-0.190	-8.795E-2	0.186	8.240E-2
19.317	-0.191	-9.435E-2	0.187	8.897E-2
19.333	-0.193	-9.168E-2	0.189	8.862E-2
19.350	-0.194	-8.755E-2	0.190	9.130E-2
19.367	-0.196	-9.112E-2	0.192	9.327E-2
19.383	-0.197	-9.415E-2	0.194	8.903E-2
19.400	-0.199	-9.535E-2	0.195	9.187E-2
19.417	-0.201	-9.165E-2	0.197	9.212E-2
19.433	-0.202	-9.397E-2	0.198	8.906E-2
19.450	-0.204	-9.173E-2	0.200	9.194E-2
19.467	-0.205	-9.225E-2	0.201	9.197E-2
19.483	-0.207	-9.496E-2	0.203	8.884E-2
19.500	-0.208	-8.814E-2	0.204	8.711E-2
19.517	-0.210	-8.647E-2	0.206	8.611E-2
19.533	-0.211	-8.860E-2	0.207	8.732E-2
19.550	-0.213	-8.804E-2	0.208	8.775E-2
19.567	-0.214	-8.703E-2	0.210	8.435E-2
19.583	-0.216	-8.047E-2	0.211	8.016E-2
19.600	-0.217	-7.880E-2	0.213	7.461E-2
19.617	-0.218	-8.056E-2	0.214	7.495E-2
19.633	-0.220	-7.290E-2	0.215	7.058E-2
19.650	-0.221	-6.699E-2	0.216	6.661E-2
19.667	-0.222	-6.447E-2	0.217	6.905E-2
19.683	-0.223	-6.514E-2	0.218	6.514E-2
19.700	-0.224	-6.261E-2	0.219	5.945E-2
19.717	-0.225	-5.640E-2	0.220	5.723E-2
19.733	-0.226	-5.393E-2	0.221	5.517E-2
19.750	-0.227	-4.556E-2	0.222	4.846E-2
19.767	-0.227	-4.233E-2	0.223	4.397E-2
19.783	-0.228	-4.276E-2	0.224	3.750E-2
19.800	-0.229	-3.951E-2	0.224	4.008E-2
19.817	-0.229	-2.927E-2	0.225	3.432E-2
19.833	-0.230	-2.059E-2	0.225	2.643E-2
19.850	-0.230	-2.239E-2	0.226	2.576E-2
19.867	-0.230	-2.026E-2	0.226	1.922E-2
19.883	-0.231	-1.176E-2	0.227	1.293E-2
19.900	-0.231	-6.095E-3	0.227	7.639E-3
19.917	-0.231	-3.778E-3	0.227	5.516E-3
19.933	-0.231	3.044E-3	0.227	-5.812E-5
19.950	-0.231	8.390E-3	0.227	-7.693E-3
19.967	-0.231	1.255E-2	0.227	-1.062E-2
19.983	-0.230	1.391E-2	0.226	-1.146E-2
20.000	-0.230	1.388E-2	0.226	-1.677E-2
20.017	-0.230	1.834E-2	0.226	-2.246E-2
20.033	-0.230	3.214E-2	0.225	-2.719E-2
20.050	-0.229	4.246E-2	0.225	-3.225E-2
20.067	-0.228	3.769E-2	0.224	-3.552E-2
20.083	-0.228	3.535E-2	0.224	-4.184E-2
20.100	-0.227	4.245E-2	0.223	-4.684E-2
20.117	-0.226	5.044E-2	0.222	-5.109E-2
20.133	-0.225	5.222E-2	0.221	-5.101E-2
20.150	-0.225	5.489E-2	0.221	-5.063E-2
20.167	-0.224	6.375E-2	0.220	-5.979E-2
20.183	-0.222	6.591E-2	0.219	-6.338E-2
20.200	-0.221	6.732E-2	0.218	-6.651E-2
20.217	-0.220	7.392E-2	0.216	-7.125E-2
20.233	-0.219	7.469E-2	0.215	-7.676E-2
20.250	-0.218	7.456E-2	0.214	-7.601E-2
20.267	-0.216	7.711E-2	0.213	-7.417E-2
20.283	-0.215	7.963E-2	0.211	-8.161E-2
20.300	-0.214	8.556E-2	0.210	-7.972E-2
20.317	-0.212	8.584E-2	0.209	-8.149E-2
20.333	-0.211	8.888E-2	0.207	-8.565E-2
20.350	-0.209	9.009E-2	0.206	-8.442E-2
20.367	-0.208	8.515E-2	0.204	-8.973E-2
20.383	-0.206	8.904E-2	0.203	-8.907E-2
20.400	-0.205	9.160E-2	0.201	-8.699E-2
20.417	-0.203	9.115E-2	0.200	-9.132E-2
20.433	-0.202	9.657E-2	0.198	-9.156E-2
20.450	-0.200	9.313E-2	0.197	-9.036E-2
20.467	-0.199	8.810E-2	0.195	-9.281E-2
20.483	-0.197	8.901E-2	0.194	-9.172E-2
20.500	-0.196	8.928E-2	0.192	-8.787E-2
20.517	-0.194	9.207E-2	0.191	-9.063E-2
20.533	-0.193	9.076E-2	0.189	-9.023E-2
20.550	-0.191	8.486E-2	0.188	-8.840E-2
20.567	-0.190	8.403E-2	0.186	-8.623E-2
20.583	-0.188	8.620E-2	0.185	-8.213E-2
20.600	-0.187	8.596E-2	0.184	-8.267E-2
20.617	-0.186	8.624E-2	0.182	-8.319E-2
20.633	-0.184	7.572E-2	0.181	-7.630E-2
20.650	-0.183	7.206E-2	0.180	-7.280E-2
20.667	-0.182	7.121E-2	0.178	-7.538E-2
20.683	-0.181	6.757E-2	0.177	-7.210E-2
20.700	-0.179	6.965E-2	0.176	-6.910E-2
20.717	-0.178	6.748E-2	0.175	-6.721E-2
20.733	-0.177	6.270E-2	0.174	-5.733E-2
20.750	-0.176	5.999E-2	0.173	-5.231E-2
20.767	-0.175	5.642E-2	0.172	-5.475E-2
20.783	-0.174	5.049E-2	0.171	-4.997E-2
20.800	-0.174	4.782E-2	0.170	-4.472E-2
20.817	-0.173	4.284E-2	0.170	-4.232E-2
20.833	-0.172	4.096E-2	0.169	-3.899E-2
20.850	-0.171	4.058E-2	0.168	-3.647E-2
20.867	-0.171	2.982E-2	0.168	-3.235E-2
20.883	-0.170	2.401E-2	0.167	-2.574E-2
20.900	-0.170	2.006E-2	0.167	-2.000E-2
20.917	-0.170	1.484E-2	0.167	-1.513E-2
20.933	-0.169	1.156E-2	0.166	-1.302E-2
20.950	-0.169	7.547E-3	0.166	-6.528E-3
20.967	-0.169	3.660E-3	0.166	8.463E-4
20.983	-0.169	2.689E-3	0.166	5.017E-3
21.000	-0.169	-1.665E-3	0.166	5.786E-3
21.017	-0.169	-8.461E-3	0.166	7.796E-3
21.033	-0.169	-1.558E-2	0.167	1.494E-2
21.050	-0.170	-1.873E-2	0.167	2.249E-2
21.067	-0.170	-2.214E-2	0.167	2.892E-2
21.083	-0.171	-3.118E-2	0.168	3.094E-2
21.100	-0.171	-3.215E-2	0.168	3.181E-2
21.117	-0.172	-3.282E-2	0.169	3.421E-2
21.133	-0.172	-3.861E-2	0.169	4.089E-2
21.150	-0.173	-4.418E-2	0.170	4.684E-2
21.167	-0.174	-4.891E-2	0.171	4.934E-2
21.183	-0.175	-5.386E-2	0.172	5.355E-2
21.200	-0.175	-5.806E-2	0.173	5.499E-2
21.217	-0.176	-6.210E-2	0.174	6.065E-2
21.233	-0.178	-6.645E-2	0.175	6.523E-2
21.250	-0.179	-6.942E-2	0.176	6.596E-2
21.267	-0.180	-6.654E-2	0.177	6.939E-2
21.283	-0.181	-7.242E-2	0.178	7.041E-2
21.300	-0.182	-7.689E-2	0.179	7.617E-2
21.317	-0.183	-7.639E-2	0.181	7.830E-2
21.333	-0.185	-8.002E-2	0.182	7.700E-2
21.350	-0.186	-8.294E-2	0.183	7.930E-2
21.367	-0.188	-8.224E-2	0.185	8.514E-2
21.383	-0.189	-8.251E-2	0.186	8.945E-2
21.400	-0.190	-8.572E-2	0.188	8.602E-2
21.417	-0.192	-8.911E-2	0.189	8.997E-2
21.433	-0.193	-9.246E-2	0.191	8.717E-2
21.450	-0.195	-9.060E-2	0.192	8.856E-2
21.467	-0.196	-9.113E-2	0.194	9.343E-2
21.483	-0.198	-9.028E-2	0.195	9.019E-2
21.500	-0.199	-8.956E-2	0.197	9.104E-2
21.517	-0.201	-9.488E-2	0.198	8.958E-2
21.533	-0.202	-9.345E-2	0.200	9.196E-2
21.550	-0.204	-8.970E-2	0.201	8.920E-2
21.567	-0.205	-8.835E-2	0.203	8.737E-2
21.583	-0.207	-9.285E-2	0.204	9.224E-2
21.600	-0.209	-9.250E-2	0.206	8.690E-2
21.617	-0.210	-8.565E-2	0.207	8.623E-2
21.633	-0.211	-7.881E-2	0.208	8.802E-2
21.650	-0.213	-7.931E-2	0.210	8.101E-2
21.667	-0.214	-8.369E-2	0.211	7.875E-2
21.683	-0.215	-7.764E-2	0.212	7.794E-2
21.700	-0.217	-7.652E-2	0.214	7.381E-2
21.717	-0.218	-7.262E-2	0.215	7.241E-2
21.733	-0.219	-6.748E-2	0.216	7.056E-2
21.750	-0.220	-6.750E-2	0.217	6.519E-2
21.767	-0.221	-6.490E-2	0.218	6.423E-2
21.783	-0.222	-6.514E-2	0.219	6.050E-2
21.800	-0.223	-5.806E-2	0.220	5.193E-2
21.817	-0.224	-5.157E-2	0.221	5.312E-2
21.833	-0.225	-5.105E-2	0.222	5.164E-2
21.850	-0.226	-5.085E-2	0.223	3.968E-2
21.867	-0.227	-4.264E-2	0.223	3.534E-2
21.883	-0.227	-3.228E-2	0.224	3.254E-2
21.900	-0.228	-3.390E-2	0.225	3.019E-2
21.917	-0.229	-3.008E-2	0.225	2.525E-2
21.933	-0.229	-2.069E-2	0.225	2.470E-2
21.950	-0.229	-1.638E-2	0.226	2.645E-2
21.967	-0.230	-1.721E-2	0.226	1.389E-2
21.983	-0.230	-1.073E-2	0.226	6.673E-3
22.000	-0.230	-8.931E-3	0.226	6.709E-3
22.017	-0.230	-7.301E-3	0.227	5.131E-3
22.033	-0.230	1.277E-3	0.227	-2.231E-3
22.050	-0.230	7.536E-3	0.227	-1.049E-2
22.067	-0.230	9.975E-3	0.226	-1.361E-2
22.083	-0.230	1.571E-2	0.226	-1.831E-2
22.100	-0.229	2.343E-2	0.226	-2.497E-2
22.117	-0.229	2.749E-2	0.225	-3.154E-2
22.133	-0.228	3.248E-2	0.225	-3.349E-2
22.150	-0.228	3.663E-2	0.224	-3.350E-2
22.167	-0.227	3.726E-2	0.224	-3.893E-2
22.183	-0.227	3.995E-2	0.223	-4.410E-2
22.200	-0.226	4.270E-2	0.222	-4.629E-2
22.217	-0.225	4.603E-2	0.221	-5.003E-2
22.233	-0.224	5.393E-2	0.220	-5.724E-2
22.250	-0.223	5.639E-2	0.219	-5.776E-2
22.267	-0.222	5.736E-2	0.218	-5.966E-2
22.283	-0.222	6.471E-2	0.217	-6.651E-2
22.300	-0.220	7.293E-2	0.216	-6.964E-2
22.317	-0.219	7.313E-2	0.215	-7.216E-2
22.333	-0.218	7.408E-2	0.214	-7.556E-2
22.350	-0.217	7.697E-2	0.213	-7.696E-2
22.367	-0.215	7.848E-2	0.211	-8.022E-2
22.383	-0.214	8.114E-2	0.210	-8.105E-2
22.400	-0.213	8.543E-2	0.209	-8.182E-2
22.417	-0.211	8.568E-2	0.207	-8.501E-2
22.433	-0.210	8.342E-2	0.206	-8.542E-2
22.450	-0.208	8.608E-2	0.204	-8.843E-2
22.467	-0.207	8.710E-2	0.203	-8.641E-2
22.483	-0.205	8.988E-2	0.201	-8.690E-2
22.500	-0.204	9.459E-2	0.200	-9.192E-2
22.517	-0.202	9.256E-2	0.198	-9.523E-2
22.533	-0.201	8.749E-2	0.197	-9.327E-2
22.550	-0.199	8.666E-2	0.195	-9.214E-2
22.567	-0.198	9.017E-2	0.194	-9.418E-2
22.583	-0.196	9.184E-2	0.192	-9.054E-2
22.600	-0.195	8.811E-2	0.191	-8.641E-2
22.617	-0.193	8.484E-2	0.189	-8.495E-2
22.633	-0.192	8.497E-2	0.188	-8.757E-2
22.650	-0.191	8.593E-2	0.186	-8.662E-2
22.667	-0.189	8.444E-2	0.185	-8.534E-2
22.683	-0.188	8.416E-2	0.183	-8.483E-2
22.700	-0.186	8.080E-2	0.182	-8.020E-2
22.717	-0.185	8.165E-2	0.181	-7.696E-2
22.733	-0.184	7.507E-2	0.180	-7.667E-2
22.750	-0.183	7.093E-2	0.178	-7.685E-2
22.767	-0.181	7.198E-2	0.177	-7.134E-2
22.783	-0.180	6.617E-2	0.176	-6.716E-2
22.800	-0.179	6.577E-2	0.175	-6.852E-2
22.817	-0.178	5.974E-2	0.174	-6.511E-2
22.833	-0.177	5.697E-2	0.173	-5.674E-2
22.850	-0.176	5.464E-2	0.172	-5.120E-2
22.867	-0.175	4.862E-2	0.171	-4.961E-2
22.883	-0.174	4.929E-2	0.170	-4.782E-2
22.900	-0.174	4.440E-2	0.169	-4.281E-2
22.917	-0.173	3.246E-2	0.169	-3.390E-2
22.933	-0.173	3.148E-2	0.168	-3.514E-2
22.950	-0.172	3.547E-2	0.167	-3.357E-2
22.967	-0.171	2.966E-2	0.167	-2.623E-2
22.983	-0.171	2.323E-2	0.167	-2.294E-2
23.000	-0.171	1.790E-2	0.166	-1.706E-2
23.017	-0.170	1.542E-2	0.166	-1.214E-2
23.033	-0.170	1.097E-2	0.166	-7.932E-3
23.050	-0.170	4.081E-4	0.166	-3.198E-3
23.067	-0.170	5.309E-4	0.166	5.117E-4
23.083	-0.170	-4.452E-3	0.166	6.529E-3
23.100	-0.170	-1.136E-2	0.166	1.145E-2
23.117	-0.170	-8.571E-3	0.166	1.558E-2
23.133	-0.170	-1.184E-2	0.166	1.985E-2
23.150	-0.171	-2.204E-2	0.167	2.331E-2
23.167	-0.171	-2.756E-2	0.167	3.130E-2
23.183	-0.172	-3.457E-2	0.168	3.732E-2
23.200	-0.172	-4.154E-2	0.168	3.742E-2
23.217	-0.173	-3.819E-2	0.169	4.156E-2
23.233	-0.174	-3.908E-2	0.170	4.756E-2
23.250	-0.174	-4.980E-2	0.171	4.821E-2
23.267	-0.175	-5.386E-2	0.171	5.454E-2
23.283	-0.176	-5.141E-2	0.172	5.734E-2
23.300	-0.177	-5.420E-2	0.173	5.986E-2
23.317	-0.178	-6.147E-2	0.174	6.112E-2
23.333	-0.179	-6.441E-2	0.175	6.455E-2
23.350	-0.180	-6.655E-2	0.177	7.099E-2
23.367	-0.181	-7.306E-2	0.178	6.874E-2
23.383	-0.183	-7.531E-2	0.179	6.939E-2
23.400	-0.184	-7.510E-2	0.180	7.528E-2
23.417	-0.185	-7.843E-2	0.181	7.980E-2
23.433	-0.186	-7.905E-2	0.183	8.380E-2
23.450	-0.188	-8.124E-2	0.184	8.455E-2
23.467	-0.189	-7.681E-2	0.186	8.553E-2
23.483	-0.190	-8.617E-2	0.187	8.780E-2
23.500	-0.192	-9.501E-2	0.189	8.897E-2
23.517	-0.193	-8.461E-2	0.190	9.002E-2
23.533	-0.195	-8.457E-2	0.192	9.688E-2
23.550	-0.196	-8.868E-2	0.193	9.370E-2
23.567	-0.198	-8.553E-2	0.195	8.648E-2
23.583	-0.199	-8.570E-2	0.196	9.066E-2
23.600	-0.201	-9.094E-2	0.198	9.136E-2
23.617	-0.202	-9.252E-2	0.199	8.922E-2
23.633	-0.204	-8.862E-2	0.201	8.984E-2
23.650	-0.205	-8.772E-2	0.202	9.243E-2
23.667	-0.207	-8.756E-2	0.204	8.734E-2
23.683	-0.208	-8.323E-2	0.205	8.472E-2
23.700	-0.209	-8.393E-2	0.207	8.632E-2
23.717	-0.211	-8.320E-2	0.208	8.425E-2
23.733	-0.212	-8.229E-2	0.209	8.446E-2
23.750	-0.214	-7.834E-2	0.211	8.361E-2
23.767	-0.215	-7.467E-2	0.212	7.890E-2
23.783	-0.216	-7.746E-2	0.213	6.979E-2
23.800	-0.217	-7.411E-2	0.214	6.588E-2
23.817	-0.219	-6.627E-2	0.216	6.987E-2
23.833	-0.220	-6.437E-2	0.217	6.827E-2
23.850	-0.221	-6.139E-2	0.218	6.165E-2
23.867	-0.222	-6.268E-2	0.219	6.357E-2
23.883	-0.223	-5.963E-2	0.220	6.303E-2
23.900	-0.224	-5.112E-2	0.221	5.360E-2
23.917	-0.224	-4.805E-2	0.222	5.015E-2
23.933	-0.225	-4.709E-2	0.223	4.965E-2
23.950	-0.226	-4.403E-2	0.223	3.982E-2
23.967	-0.227	-3.569E-2	0.224	3.584E-2
23.983	-0.227	-3.170E-2	0.225	3.215E-2
24.000	-0.228	-3.149E-2	0.225	2.387E-2
24.017	-0.228	-2.612E-2	0.225	2.396E-2
24.033	-0.229	-1.991E-2	0.226	2.061E-2
24.050	-0.229	-1.411E-2	0.226	1.555E-2
24.067	-0.229	-1.221E-2	0.226	1.444E-2
24.083	-0.229	-7.370E-3	0.227	9.343E-3
24.100	-0.229	-2.098E-3	0.227	1.082E-3
24.117	-0.229	-3.527E-3	0.227	6.096E-4
24.133	-0.229	5.323E-3	0.227	-5.200E-3
24.150	-0.229	1.335E-2	0.226	-1.271E-2
24.167	-0.229	1.684E-2	0.226	-1.577E-2
24.183	-0.229	2.173E-2	0.226	-2.129E-2
24.200	-0.228	1.857E-2	0.226	-2.510E-2
24.217	-0.228	2.869E-2	0.225	-2.886E-2
24.233	-0.227	4.267E-2	0.225	-3.578E-2
24.250	-0.227	3.947E-2	0.224	-4.118E-2
24.267	-0.226	4.220E-2	0.223	-4.337E-2
24.283	-0.225	4.538E-2	0.222	-4.426E-2
24.300	-0.224	4.543E-2	0.222	-4.372E-2
24.317	-0.224	5.032E-2	0.221	-5.268E-2
24.333	-0.223	5.369E-2	0.220	-5.719E-2
24.350	-0.222	5.956E-2	0.219	-5.793E-2
24.367	-0.221	6.631E-2	0.218	-6.639E-2
24.383	-0.220	6.723E-2	0.217	-7.027E-2
24.400	-0.219	7.005E-2	0.216	-7.348E-2
24.417	-0.217	7.159E-2	0.214	-7.368E-2
24.433	-0.216	7.411E-2	0.213	-7.787E-2
24.450	-0.215	7.947E-2	0.212	-7.925E-2
24.467	-0.214	7.840E-2	0.211	-8.203E-2
24.483	-0.212	7.677E-2	0.209	-8.762E-2
24.500	-0.211	8.282E-2	0.208	-8.565E-2
24.517	-0.210	8.531E-2	0.206	-8.744E-2
24.533	-0.208	8.164E-2	0.205	-8.867E-2
24.550	-0.207	8.412E-2	0.203	-8.747E-2
24.567	-0.205	8.798E-2	0.202	-8.918E-2
24.583	-0.204	8.628E-2	0.200	-9.170E-2
24.600	-0.202	8.678E-2	0.199	-9.097E-2
24.617	-0.201	8.973E-2	0.197	-9.288E-2
24.633	-0.199	8.770E-2	0.196	-9.114E-2
24.650	-0.198	8.830E-2	0.194	-9.032E-2
24.667	-0.197	8.987E-2	0.193	-9.028E-2
24.683	-0.195	8.571E-2	0.191	-8.678E-2
24.700	-0.194	8.310E-2	0.190	-8.836E-2
24.717	-0.192	8.385E-2	0.188	-8.849E-2
24.733	-0.191	8.554E-2	0.187	-8.540E-2
24.750	-0.189	8.754E-2	0.185	-8.366E-2
24.767	-0.188	8.196E-2	0.184	-8.349E-2
24.783	-0.187	7.520E-2	0.183	-8.244E-2
24.800	-0.185	7.368E-2	0.181	-8.031E-2
24.817	-0.184	7.445E-2	0.180	-7.732E-2
24.833	-0.183	7.021E-2	0.179	-7.322E-2
24.850	-0.182	6.555E-2	0.178	-7.128E-2
24.867	-0.181	6.510E-2	0.176	-7.004E-2
24.883	-0.180	6.518E-2	0.175	-6.638E-2
24.900	-0.179	6.224E-2	0.174	-6.498E-2
24.917	-0.178	5.756E-2	0.173	-5.829E-2
24.933	-0.177	5.375E-2	0.172	-5.177E-2
24.950	-0.176	4.932E-2	0.171	-5.084E-2
24.967	-0.175	4.911E-2	0.170	-5.060E-2
24.983	-0.174	4.146E-2	0.170	-4.664E-2
25.000	-0.174	3.682E-2	0.169	-3.566E-2
25.017	-0.173	3.428E-2	0.168	-2.900E-2
25.033	-0.173	2.869E-2	0.168	-3.002E-2
25.050	-0.172	2.774E-2	0.167	-2.784E-2
25.067	-0.172	2.266E-2	0.167	-2.575E-2
25.083	-0.171	1.757E-2	0.167	-1.745E-2
25.100	-0.171	1.550E-2	0.166	-1.277E-2
25.117	-0.171	1.359E-2	0.166	-1.123E-2
25.133	-0.171	3.887E-3	0.166	-3.029E-3
25.150	-0.171	-3.405E-3	0.166	1.381E-5
25.167	-0.171	-6.060E-3	0.166	6.822E-3
25.183	-0.171	-9.156E-3	0.166	9.402E-3
25.200	-0.171	-1.176E-2	0.166	7.858E-3
25.217	-0.171	-1.814E-2	0.167	1.526E-2
25.233	-0.172	-1.982E-2	0.167	2.241E-2
25.250	-0.172	-2.529E-2	0.167	2.663E-2
25.267	-0.172	-3.240E-2	0.168	3.092E-2
25.283	-0.173	-3.464E-2	0.168	3.316E-2
25.300	-0.174	-3.969E-2	0.169	3.725E-2
25.317	-0.174	-4.404E-2	0.170	4.427E-2
25.333	-0.175	-4.550E-2	0.170	4.841E-2
25.350	-0.176	-4.857E-2	0.171	4.906E-2
25.367	-0.177	-5.345E-2	0.172	5.169E-2
25.383	-0.178	-5.751E-2	0.173	5.925E-2
25.400	-0.179	-5.954E-2	0.174	6.300E-2
25.417	-0.180	-6.436E-2	0.175	6.389E-2
25.433	-0.181	-6.833E-2	0.176	7.043E-2
25.450	-0.182	-6.769E-2	0.177	6.977E-2
25.467	-0.183	-7.410E-2	0.178	7.065E-2
25.483	-0.184	-7.772E-2	0.180	7.959E-2
25.500	-0.186	-7.829E-2	0.181	8.115E-2
25.517	-0.187	-7.745E-2	0.182	7.932E-2
25.533	-0.188	-7.828E-2	0.184	7.915E-2
25.550	-0.190	-8.525E-2	0.185	8.467E-2
25.567	-0.191	-8.459E-2	0.187	8.786E-2
25.583	-0.192	-8.338E-2	0.188	8.674E-2
25.600	-0.194	-8.466E-2	0.189	8.913E-2
25.617	-0.195	-8.465E-2	0.191	9.374E-2
25.633	-0.197	-8.312E-2	0.193	9.191E-2
25.650	-0.198	-8.533E-2	0.194	8.698E-2
25.667	-0.199	-8.778E-2	0.195	8.805E-2
25.683	-0.201	-8.745E-2	0.197	8.950E-2
25.700	-0.202	-9.037E-2	0.198	9.336E-2
25.717	-0.204	-8.804E-2	0.200	9.333E-2
25.733	-0.205	-8.528E-2	0.202	8.632E-2
25.750	-0.207	-8.618E-2	0.203	8.573E-2
25.767	-0.208	-8.493E-2	0.204	8.654E-2
25.783	-0.210	-8.366E-2	0.206	8.730E-2
25.800	-0.211	-8.253E-2	0.207	8.605E-2
25.817	-0.212	-8.135E-2	0.209	8.062E-2
25.833	-0.214	-8.063E-2	0.210	8.014E-2
25.850	-0.215	-7.217E-2	0.211	7.968E-2
25.867	-0.216	-6.748E-2	0.213	7.448E-2
25.883	-0.217	-6.899E-2	0.214	7.454E-2
25.900	-0.218	-6.777E-2	0.215	6.870E-2
25.917	-0.220	-6.602E-2	0.216	6.384E-2
25.933	-0.221	-6.330E-2	0.217	6.648E-2
25.950	-0.222	-6.022E-2	0.218	6.220E-2
25.967	-0.223	-5.917E-2	0.219	5.588E-2
25.983	-0.224	-5.394E-2	0.220	5.194E-2
26.000	-0.224	-4.505E-2	0.221	4.930E-2
26.017	-0.225	-4.293E-2	0.222	4.777E-2
26.033	-0.226	-4.426E-2	0.223	4.203E-2
26.050	-0.227	-3.858E-2	0.223	3.492E-2
26.067	-0.227	-3.347E-2	0.224	3.505E-2
26.083	-0.228	-2.935E-2	0.224	3.120E-2
26.100	-0.228	-2.341E-2	0.225	2.562E-2
26.117	-0.228	-2.297E-2	0.225	2.123E-2
26.133	-0.229	-1.624E-2	0.226	1.601E-2
26.150	-0.229	-1.034E-2	0.226	1.232E-2
26.167	-0.229	-3.703E-3	0.226	8.826E-3
26.183	-0.229	8.786E-4	0.226	3.762E-3
26.200	-0.229	7.201E-4	0.226	2.074E-3
26.217	-0.229	7.264E-3	0.226	-2.428E-4
26.233	-0.229	1.482E-2	0.226	-9.193E-3
26.250	-0.229	1.687E-2	0.226	-1.497E-2
26.267	-0.228	2.153E-2	0.226	-1.652E-2
26.283	-0.228	2.338E-2	0.225	-2.139E-2
26.300	-0.228	2.572E-2	0.225	-2.921E-2
26.317	-0.227	3.138E-2	0.224	-3.137E-2
26.333	-0.227	3.417E-2	0.224	-3.238E-2
26.350	-0.226	4.167E-2	0.223	-4.090E-2
26.367	-0.225	4.117E-2	0.223	-4.271E-2
26.383	-0.225	4.263E-2	0.222	-4.524E-2
26.400	-0.224	5.413E-2	0.221	-5.303E-2
26.417	-0.223	5.657E-2	0.220	-5.704E-2
26.433	-0.222	5.494E-2	0.219	-5.533E-2
26.450	-0.221	6.226E-2	0.218	-5.828E-2
26.467	-0.220	6.710E-2	0.217	-6.483E-2
26.483	-0.219	6.716E-2	0.216	-6.721E-2
26.500	-0.218	6.789E-2	0.215	-6.792E-2
26.517	-0.216	7.316E-2	0.214	-7.320E-2
26.533	-0.215	7.416E-2	0.212	-7.740E-2
26.550	-0.214	7.660E-2	0.211	-7.839E-2
26.567	-0.213	8.576E-2	0.210	-7.854E-2
26.583	-0.211	7.823E-2	0.209	-8.339E-2
26.600	-0.210	8.159E-2	0.207	-8.609E-2
26.617	-0.208	8.728E-2	0.206	-8.177E-2
26.633	-0.207	8.523E-2	0.204	-8.786E-2
26.650	-0.206	9.193E-2	0.203	-8.636E-2
26.667	-0.204	9.118E-2	0.201	-8.886E-2
26.683	-0.202	8.728E-2	0.200	-9.144E-2
26.700	-0.201	8.733E-2	0.198	-8.733E-2
26.717	-0.200	9.377E-2	0.197	-8.821E-2
26.733	-0.198	9.181E-2	0.195	-8.923E-2
26.750	-0.196	8.709E-2	0.194	-8.998E-2
26.767	-0.195	8.646E-2	0.192	-8.933E-2
26.783	-0.194	8.554E-2	0.191	-8.681E-2
26.800	-0.192	8.582E-2	0.190	-8.877E-2
26.817	-0.191	8.161E-2	0.188	-8.841E-2
26.833	-0.189	8.231E-2	0.187	-8.389E-2
26.850	-0.188	8.389E-2	0.185	-8.259E-2
26.867	-0.187	7.933E-2	0.184	-7.873E-2
26.883	-0.185	7.288E-2	0.183	-7.768E-2
26.900	-0.184	7.295E-2	0.181	-7.753E-2
26.917	-0.183	7.470E-2	0.180	-7.710E-2
26.933	-0.182	7.153E-2	0.179	-7.316E-2
26.950	-0.181	6.966E-2	0.178	-6.762E-2
26.967	-0.179	6.736E-2	0.176	-6.813E-2
26.983	-0.178	5.864E-2	0.175	-6.700E-2
27.000	-0.177	5.680E-2	0.174	-5.904E-2
27.017	-0.176	5.902E-2	0.173	-5.264E-2
27.033	-0.175	4.784E-2	0.172	-4.917E-2
27.050	-0.175	4.548E-2	0.172	-4.782E-2
27.067	-0.174	4.444E-2	0.171	-4.728E-2
27.083	-0.173	3.620E-2	0.170	-4.127E-2
27.100	-0.173	3.480E-2	0.170	-3.383E-2
27.117	-0.172	3.401E-2	0.169	-3.086E-2
27.133	-0.172	3.071E-2	0.168	-2.813E-2
27.150	-0.171	2.359E-2	0.168	-2.333E-2
27.167	-0.171	1.516E-2	0.168	-1.735E-2
27.183	-0.171	1.042E-2	0.167	-1.430E-2
27.200	-0.170	1.048E-2	0.167	-1.149E-2
27.217	-0.170	6.571E-3	0.167	-1.101E-2
27.233	-0.170	-4.821E-4	0.167	-7.327E-3
27.250	-0.170	-5.294E-3	0.167	1.878E-3
27.267	-0.170	-8.336E-3	0.167	4.990E-3
27.283	-0.171	-1.072E-2	0.167	7.603E-3
27.300	-0.171	-1.537E-2	0.167	1.716E-2
27.317	-0.171	-2.181E-2	0.168	2.145E-2
27.333	-0.172	-2.550E-2	0.168	2.473E-2
27.350	-0.172	-3.072E-2	0.168	2.814E-2
27.367	-0.173	-3.547E-2	0.169	2.736E-2
27.383	-0.173	-4.052E-2	0.169	3.378E-2
27.400	-0.174	-4.245E-2	0.170	4.106E-2
27.417	-0.175	-4.446E-2	0.171	4.468E-2
27.433	-0.175	-5.158E-2	0.171	4.801E-2
27.450	-0.176	-5.139E-2	0.172	5.700E-2
27.467	-0.177	-5.438E-2	0.173	5.600E-2
27.483	-0.178	-6.016E-2	0.174	5.385E-2
27.500	-0.179	-6.248E-2	0.175	6.244E-2
27.517	-0.180	-6.872E-2	0.176	6.465E-2
27.533	-0.181	-7.360E-2	0.177	6.811E-2
27.550	-0.183	-7.313E-2	0.179	7.343E-2
27.567	-0.184	-7.528E-2	0.180	7.647E-2
27.583	-0.185	-7.647E-2	0.181	7.596E-2
27.600	-0.186	-7.751E-2	0.182	7.925E-2
27.617	-0.188	-7.723E-2	0.184	7.878E-2
27.633	-0.189	-8.061E-2	0.185	7.602E-2
27.650	-0.190	-8.621E-2	0.186	8.182E-2
27.667	-0.192	-8.464E-2	0.188	8.640E-2
27.683	-0.193	-8.694E-2	0.189	8.856E-2
27.700	-0.195	-8.662E-2	0.191	8.931E-2
27.717	-0.196	-8.671E-2	0.192	8.908E-2
27.733	-0.198	-8.702E-2	0.194	8.922E-2
27.750	-0.199	-8.760E-2	0.195	9.164E-2
27.767	-0.201	-9.193E-2	0.197	9.050E-2
27.783	-0.202	-9.188E-2	0.198	8.719E-2
27.800	-0.204	-8.573E-2	0.200	9.073E-2
27.817	-0.205	-8.289E-2	0.201	8.683E-2
27.833	-0.206	-8.664E-2	0.202	8.554E-2
27.850	-0.208	-8.399E-2	0.204	8.791E-2
27.867	-0.209	-8.076E-2	0.205	8.644E-2
27.883	-0.211	-8.059E-2	0.207	8.279E-2
27.900	-0.212	-8.335E-2	0.208	8.227E-2
27.917	-0.213	-7.996E-2	0.210	8.168E-2
27.933	-0.215	-7.630E-2	0.211	7.635E-2
27.950	-0.216	-7.736E-2	0.212	7.377E-2
27.967	-0.217	-7.380E-2	0.213	6.803E-2
27.983	-0.218	-6.801E-2	0.214	6.678E-2
28.000	-0.219	-6.649E-2	0.216	6.756E-2
28.017	-0.221	-6.376E-2	0.217	6.680E-2
28.033	-0.221	-5.702E-2	0.218	6.355E-2
28.050	-0.222	-5.716E-2	0.219	5.681E-2
28.067	-0.223	-5.442E-2	0.220	5.162E-2
28.083	-0.224	-5.071E-2	0.220	4.876E-2
28.100	-0.225	-4.460E-2	0.221	4.846E-2
28.117	-0.226	-4.082E-2	0.222	4.291E-2
28.133	-0.226	-4.141E-2	0.223	3.528E-2
28.150	-0.227	-3.502E-2	0.223	3.279E-2
28.167	-0.228	-2.792E-2	0.224	3.223E-2
28.183	-0.228	-2.362E-2	0.224	2.790E-2
28.200	-0.228	-2.227E-2	0.225	2.239E-2
28.217	-0.229	-1.874E-2	0.225	1.856E-2
28.233	-0.229	-1.272E-2	0.225	1.570E-2
28.250	-0.229	-6.269E-3	0.226	1.085E-2
28.267	-0.229	-4.822E-4	0.226	3.719E-3
28.283	-0.229	2.650E-3	0.226	-1.959E-3
28.300	-0.229	5.977E-3	0.226	-5.570E-3
28.317	-0.229	1.342E-2	0.226	-8.182E-3
28.333	-0.229	1.506E-2	0.225	-1.042E-2
28.350	-0.228	1.713E-2	0.225	-1.670E-2
28.367	-0.228	1.987E-2	0.225	-2.091E-2
28.383	-0.228	2.533E-2	0.225	-2.407E-2
28.400	-0.227	3.483E-2	0.224	-3.453E-2
28.417	-0.227	3.758E-2	0.223	-3.536E-2
28.433	-0.226	4.053E-2	0.223	-4.110E-2
28.450	-0.225	4.548E-2	0.222	-4.549E-2
28.467	-0.225	4.974E-2	0.221	-4.462E-2
28.483	-0.224	4.972E-2	0.221	-4.756E-2
28.500	-0.223	5.077E-2	0.220	-5.451E-2
28.517	-0.222	5.936E-2	0.219	-5.705E-2
28.533	-0.221	6.487E-2	0.218	-5.993E-2
28.550	-0.220	6.356E-2	0.217	-6.599E-2
28.567	-0.219	6.483E-2	0.216	-6.690E-2
28.583	-0.218	6.921E-2	0.214	-6.977E-2
28.600	-0.216	7.106E-2	0.213	-7.632E-2
28.617	-0.215	6.871E-2	0.212	-7.282E-2
28.633	-0.214	7.774E-2	0.211	-7.179E-2
28.650	-0.213	8.400E-2	0.210	-7.719E-2
28.667	-0.211	8.411E-2	0.208	-7.840E-2
28.683	-0.210	8.516E-2	0.207	-7.949E-2
28.700	-0.209	8.148E-2	0.206	-8.287E-2
28.717	-0.207	8.482E-2	0.204	-8.538E-2
28.733	-0.206	8.856E-2	0.203	-8.331E-2
28.750	-0.204	8.818E-2	0.201	-8.581E-2
28.767	-0.203	8.547E-2	0.200	-8.377E-2
28.783	-0.201	8.427E-2	0.199	-8.590E-2
28.800	-0.200	8.792E-2	0.197	-8.878E-2
28.817	-0.198	9.092E-2	0.196	-8.362E-2
28.833	-0.197	8.393E-2	0.194	-8.842E-2
28.850	-0.196	8.456E-2	0.193	-8.959E-2
28.867	-0.194	8.962E-2	0.191	-8.391E-2
28.883	-0.193	8.523E-2	0.190	-8.517E-2
28.900	-0.191	8.592E-2	0.188	-8.387E-2
28.917	-0.190	8.590E-2	0.187	-8.107E-2
28.933	-0.188	8.164E-2	0.186	-8.172E-2
28.950	-0.187	7.793E-2	0.184	-8.026E-2
28.967	-0.186	7.717E-2	0.183	-8.000E-2
28.983	-0.184	7.629E-2	0.182	-7.735E-2
29.000	-0.183	7.476E-2	0.181	-7.084E-2
29.017	-0.182	7.182E-2	0.179	-6.931E-2
29.033	-0.181	6.613E-2	0.178	-6.824E-2
29.050	-0.180	6.523E-2	0.177	-6.887E-2
29.067	-0.179	6.379E-2	0.176	-6.320E-2
29.083	-0.178	5.540E-2	0.175	-5.951E-2
29.100	-0.177	5.164E-2	0.174	-5.344E-2
29.117	-0.176	5.101E-2	0.173	-4.778E-2
29.133	-0.175	4.913E-2	0.172	-5.006E-2
29.150	-0.174	4.575E-2	0.172	-4.718E-2
29.167	-0.174	4.046E-2	0.171	-3.780E-2
29.183	-0.173	3.262E-2	0.170	-3.468E-2
29.200	-0.173	3.014E-2	0.170	-3.164E-2
29.217	-0.172	2.793E-2	0.169	-2.503E-2
29.233	-0.172	2.494E-2	0.169	-2.487E-2
29.250	-0.171	1.833E-2	0.168	-2.015E-2
29.267	-0.171	1.476E-2	0.168	-1.643E-2
29.283	-0.171	1.115E-2	0.168	-7.755E-3
29.300	-0.171	4.312E-3	0.168	-1.264E-3
29.317	-0.170	4.228E-3	0.168	-9.617E-4
29.333	-0.170	1.532E-3	0.168	4.191E-4
29.350	-0.170	-5.867E-3	0.168	7.801E-3
29.367	-0.171	-1.037E-2	0.168	1.039E-2
29.383	-0.171	-1.406E-2	0.168	1.064E-2
29.400	-0.171	-2.222E-2	0.168	2.028E-2
29.417	-0.172	-2.566E-2	0.169	2.055E-2
29.433	-0.172	-2.451E-2	0.169	3.028E-2
29.450	-0.172	-3.434E-2	0.170	3.465E-2
29.467	-0.173	-4.040E-2	0.170	3.117E-2
29.483	-0.174	-3.855E-2	0.171	4.184E-2
29.500	-0.174	-4.264E-2	0.172	4.273E-2
29.517	-0.175	-4.877E-2	0.172	4.280E-2
29.533	-0.176	-5.402E-2	0.173	5.137E-2
29.550	-0.177	-5.520E-2	0.174	5.495E-2
29.567	-0.178	-5.721E-2	0.175	5.767E-2
29.583	-0.179	-5.875E-2	0.176	5.807E-2
29.600	-0.180	-6.519E-2	0.177	6.503E-2
29.617	-0.181	-6.653E-2	0.178	6.795E-2
29.633	-0.182	-6.747E-2	0.179	6.867E-2
29.650	-0.183	-7.469E-2	0.180	7.500E-2
29.667	-0.185	-7.769E-2	0.182	7.368E-2
29.683	-0.186	-7.795E-2	0.183	7.203E-2
29.700	-0.187	-8.069E-2	0.184	7.581E-2
29.717	-0.189	-8.424E-2	0.185	7.934E-2
29.733	-0.190	-8.497E-2	0.187	7.809E-2
29.750	-0.191	-8.533E-2	0.188	8.294E-2
29.767	-0.193	-8.611E-2	0.189	8.521E-2
29.783	-0.194	-8.212E-2	0.191	8.131E-2
29.800	-0.196	-8.522E-2	0.192	8.591E-2
29.817	-0.197	-8.920E-2	0.194	8.650E-2
29.833	-0.199	-9.179E-2	0.195	8.224E-2
29.850	-0.200	-8.925E-2	0.196	8.522E-2
29.867	-0.201	-8.274E-2	0.198	8.737E-2
29.883	-0.203	-8.943E-2	0.199	8.760E-2
29.900	-0.204	-8.713E-2	0.201	8.639E-2
29.917	-0.206	-8.336E-2	0.202	8.815E-2
29.933	-0.207	-8.409E-2	0.204	8.616E-2
29.950	-0.209	-8.257E-2	0.205	7.760E-2
29.967	-0.210	-8.613E-2	0.206	7.802E-2
29.983	-0.211	-8.334E-2	0.208	8.019E-2
30.000	-0.213	-7.826E-2	0.209	7.394E-2
30.017	-0.214	-7.702E-2	0.210	7.641E-2
30.033	-0.215	-7.651E-2	0.212	7.457E-2
30.050	-0.217	-6.994E-2	0.213	6.887E-2
30.067	-0.218	-6.663E-2	0.214	6.969E-2
30.083	-0.219	-6.909E-2	0.215	6.482E-2
30.100	-0.220	-6.775E-2	0.216	6.306E-2
30.117	-0.221	-6.362E-2	0.217	6.169E-2
30.133	-0.222	-5.764E-2	0.218	5.722E-2
30.150	-0.223	-5.287E-2	0.219	5.425E-2
30.167	-0.224	-4.849E-2	0.220	4.958E-2
30.183	-0.225	-4.824E-2	0.221	4.353E-2
30.200	-0.225	-4.481E-2	0.221	4.459E-2
30.217	-0.226	-3.619E-2	0.222	3.998E-2
30.233	-0.227	-3.452E-2	0.223	3.276E-2
30.250	-0.227	-3.094E-2	0.223	2.808E-2
30.267	-0.228	-2.715E-2	0.224	2.765E-2
30.283	-0.228	-2.883E-2	0.224	2.702E-2
30.300	-0.229	-2.130E-2	0.224	1.797E-2
30.317	-0.229	-1.499E-2	0.225	1.764E-2
30.333	-0.229	-9.405E-3	0.225	1.116E-2
30.350	-0.229	2.257E-4	0.225	1.023E-3
30.367	-0.229	3.102E-3	0.225	1.250E-3
30.383	-0.229	3.900E-3	0.225	-2.278E-3
30.400	-0.229	7.391E-3	0.225	-1.210E-2
30.417	-0.229	1.296E-2	0.225	-1.074E-2
30.433	-0.229	1.703E-2	0.225	-1.238E-2
30.450	-0.228	1.908E-2	0.224	-2.019E-2
30.467	-0.228	2.663E-2	0.224	-2.838E-2
30.483	-0.227	2.729E-2	0.223	-3.504E-2
30.500	-0.227	3.595E-2	0.223	-3.631E-2
30.517	-0.226	4.368E-2	0.222	-3.851E-2
30.533	-0.226	4.511E-2	0.222	-4.347E-2
30.550	-0.225	4.633E-2	0.221	-4.707E-2
30.567	-0.224	4.378E-2	0.220	-4.435E-2
30.583	-0.223	5.266E-2	0.219	-4.951E-2
30.600	-0.222	5.458E-2	0.218	-5.490E-2
30.617	-0.221	5.994E-2	0.217	-5.961E-2
30.633	-0.220	6.360E-2	0.216	-6.410E-2
30.650	-0.219	6.436E-2	0.215	-6.472E-2
30.667	-0.218	6.700E-2	0.214	-6.446E-2
30.683	-0.217	6.866E-2	0.213	-6.898E-2
30.700	-0.216	7.074E-2	0.212	-7.344E-2
30.717	-0.215	7.272E-2	0.211	-7.221E-2
30.733	-0.213	7.612E-2	0.209	-7.775E-2
30.750	-0.212	7.795E-2	0.208	-8.372E-2
30.767	-0.211	8.558E-2	0.207	-8.293E-2
30.783	-0.209	8.458E-2	0.205	-7.726E-2
30.800	-0.208	8.288E-2	0.204	-8.121E-2
30.817	-0.207	8.576E-2	0.203	-8.485E-2
30.833	-0.205	8.673E-2	0.201	-8.564E-2
30.850	-0.204	8.831E-2	0.200	-9.127E-2
30.867	-0.202	8.616E-2	0.198	-8.761E-2
30.883	-0.201	8.672E-2	0.197	-8.238E-2
30.900	-0.199	8.966E-2	0.195	-8.363E-2
30.917	-0.198	8.577E-2	0.194	-8.828E-2
30.933	-0.196	8.563E-2	0.193	-8.545E-2
30.950	-0.195	8.632E-2	0.191	-8.458E-2
30.967	-0.194	8.525E-2	0.190	-8.721E-2
30.983	-0.192	8.583E-2	0.188	-8.387E-2
31.000	-0.191	8.227E-2	0.187	-8.231E-2
31.017	-0.189	7.738E-2	0.186	-8.116E-2
31.033	-0.188	7.774E-2	0.184	-8.004E-2
31.050	-0.187	7.828E-2	0.183	-7.755E-2
31.067	-0.186	7.600E-2	0.182	-7.288E-2
31.083	-0.184	7.276E-2	0.180	-6.976E-2
31.100	-0.183	6.599E-2	0.179	-7.267E-2
31.117	-0.182	6.469E-2	0.178	-6.906E-2
31.133	-0.181	6.725E-2	0.177	-5.971E-2
31.150	-0.180	6.330E-2	0.176	-6.319E-2
31.167	-0.179	5.845E-2	0.175	-5.986E-2
31.183	-0.178	5.566E-2	0.174	-5.288E-2
31.200	-0.177	5.116E-2	0.173	-4.842E-2
31.217	-0.176	5.174E-2	0.172	-4.510E-2
31.233	-0.175	4.750E-2	0.172	-4.246E-2
31.250	-0.175	4.312E-2	0.171	-4.370E-2
31.267	-0.174	3.576E-2	0.170	-3.585E-2
31.283	-0.173	3.546E-2	0.170	-2.778E-2
31.300	-0.173	3.477E-2	0.169	-3.105E-2
31.317	-0.172	2.492E-2	0.169	-2.581E-2
31.333	-0.172	2.115E-2	0.168	-1.926E-2
31.350	-0.172	1.553E-2	0.168	-1.463E-2
31.367	-0.171	1.039E-2	0.168	-1.067E-2
31.383	-0.171	7.812E-3	0.168	-5.819E-3
31.400	-0.171	6.426E-3	0.168	-3.073E-3
31.417	-0.171	3.131E-3	0.168	-1.512E-3
31.433	-0.171	1.043E-3	0.168	4.272E-3
31.450	-0.171	-7.193E-3	0.168	1.224E-2
31.467	-0.171		0.168	
