#multi:
	mass A		mass B		
t	x	vx	x	vx	
0.000	-0.228		0.228	
0.017	-0.228	-1.388E-3	0.228	-1.948E-3
0.033	-0.228	2.895E-3	0.228	-1.270E-4
0.050	-0.228	-3.369E-3	0.228	-3.346E-3
0.067	-0.228	-1.941E-3	0.228	-1.183E-2
0.083	-0.228	-6.058E-4	0.227	-1.899E-2
0.100	-0.228	2.440E-3	0.227	-2.513E-2
0.117	-0.228	2.723E-3	0.227	-3.102E-2
0.133	-0.228	7.693E-3	0.226	-4.011E-2
0.150	-0.228	8.029E-3	0.225	-4.688E-2
0.167	-0.228	9.063E-3	0.224	-5.144E-2
0.183	-0.228	1.331E-2	0.224	-5.844E-2
0.200	-0.227	1.400E-2	0.222	-6.281E-2
0.217	-0.227	2.047E-2	0.221	-7.217E-2
0.233	-0.227	1.783E-2	0.220	-7.864E-2
0.250	-0.227	2.436E-2	0.219	-8.142E-2
0.267	-0.226	3.013E-2	0.217	-9.591E-2
0.283	-0.226	2.708E-2	0.216	-0.101
0.300	-0.225	2.623E-2	0.214	-0.101
0.317	-0.225	2.754E-2	0.212	-0.107
0.333	-0.224	3.564E-2	0.210	-0.110
0.350	-0.224	3.610E-2	0.209	-0.118
0.367	-0.223	3.443E-2	0.207	-0.121
0.383	-0.222	3.486E-2	0.205	-0.126
0.400	-0.222	4.230E-2	0.202	-0.127
0.417	-0.221	4.199E-2	0.200	-0.132
0.433	-0.220	3.630E-2	0.198	-0.142
0.450	-0.220	3.486E-2	0.196	-0.144
0.467	-0.219	3.708E-2	0.193	-0.146
0.483	-0.219	3.892E-2	0.191	-0.147
0.500	-0.218	3.295E-2	0.188	-0.148
0.517	-0.217	4.001E-2	0.186	-0.144
0.533	-0.217	4.678E-2	0.183	-0.150
0.550	-0.216	4.087E-2	0.181	-0.154
0.567	-0.215	4.016E-2	0.178	-0.153
0.583	-0.215	4.192E-2	0.176	-0.153
0.600	-0.214	3.532E-2	0.173	-0.152
0.617	-0.213	3.092E-2	0.171	-0.154
0.633	-0.213	3.806E-2	0.168	-0.151
0.650	-0.212	3.699E-2	0.166	-0.149
0.667	-0.212	3.117E-2	0.163	-0.153
0.683	-0.211	2.920E-2	0.160	-0.153
0.700	-0.211	3.262E-2	0.158	-0.143
0.717	-0.210	3.209E-2	0.156	-0.142
0.733	-0.210	2.643E-2	0.153	-0.143
0.750	-0.209	2.846E-2	0.151	-0.135
0.767	-0.209	3.026E-2	0.149	-0.134
0.783	-0.208	2.353E-2	0.146	-0.135
0.800	-0.208	1.882E-2	0.144	-0.137
0.817	-0.207	1.878E-2	0.142	-0.129
0.833	-0.207	1.178E-2	0.140	-0.119
0.850	-0.207	1.070E-2	0.138	-0.115
0.867	-0.207	1.253E-2	0.136	-0.114
0.883	-0.207	1.184E-2	0.134	-0.110
0.900	-0.206	6.469E-3	0.132	-0.102
0.917	-0.206	-5.338E-3	0.131	-0.103
0.933	-0.207	-6.875E-3	0.129	-9.759E-2
0.950	-0.207	-1.190E-4	0.127	-8.839E-2
0.967	-0.207	-5.923E-3	0.126	-8.579E-2
0.983	-0.207	-1.406E-2	0.125	-7.770E-2
1.000	-0.207	-1.366E-2	0.123	-6.763E-2
1.017	-0.207	-1.303E-2	0.122	-6.609E-2
1.033	-0.208	-1.939E-2	0.121	-6.023E-2
1.050	-0.208	-2.257E-2	0.120	-4.853E-2
1.067	-0.208	-2.529E-2	0.120	-4.539E-2
1.083	-0.209	-3.044E-2	0.119	-3.861E-2
1.100	-0.209	-2.992E-2	0.118	-2.733E-2
1.117	-0.210	-3.317E-2	0.118	-2.068E-2
1.133	-0.210	-3.425E-2	0.118	-1.464E-2
1.150	-0.211	-3.683E-2	0.117	-7.961E-3
1.167	-0.212	-4.114E-2	0.117	-1.162E-3
1.183	-0.212	-4.300E-2	0.117	1.897E-3
1.200	-0.213	-4.916E-2	0.117	1.019E-2
1.217	-0.214	-5.251E-2	0.118	1.780E-2
1.233	-0.215	-5.225E-2	0.118	2.439E-2
1.250	-0.216	-5.214E-2	0.119	3.002E-2
1.267	-0.217	-5.479E-2	0.119	4.032E-2
1.283	-0.218	-5.900E-2	0.120	4.548E-2
1.300	-0.219	-6.109E-2	0.121	4.659E-2
1.317	-0.220	-6.154E-2	0.121	5.584E-2
1.333	-0.221	-6.340E-2	0.122	5.919E-2
1.350	-0.222	-6.397E-2	0.123	6.425E-2
1.367	-0.223	-6.371E-2	0.125	7.148E-2
1.383	-0.224	-6.675E-2	0.126	7.970E-2
1.400	-0.225	-7.004E-2	0.127	8.321E-2
1.417	-0.226	-7.163E-2	0.129	8.605E-2
1.433	-0.227	-6.703E-2	0.130	9.448E-2
1.450	-0.228	-6.854E-2	0.132	9.740E-2
1.467	-0.230	-7.130E-2	0.133	0.102
1.483	-0.231	-6.944E-2	0.135	0.106
1.500	-0.232	-6.955E-2	0.137	0.110
1.517	-0.233	-7.236E-2	0.139	0.114
1.533	-0.234	-6.962E-2	0.141	0.117
1.550	-0.235	-7.252E-2	0.143	0.124
1.567	-0.237	-6.555E-2	0.145	0.122
1.583	-0.238	-5.717E-2	0.147	0.126
1.600	-0.239	-6.127E-2	0.149	0.128
1.617	-0.240	-5.948E-2	0.151	0.128
1.633	-0.241	-5.974E-2	0.153	0.131
1.650	-0.242	-5.382E-2	0.155	0.134
1.667	-0.242	-5.642E-2	0.158	0.137
1.683	-0.243	-5.593E-2	0.160	0.136
1.700	-0.244	-4.798E-2	0.162	0.138
1.717	-0.245	-4.607E-2	0.165	0.138
1.733	-0.246	-4.264E-2	0.167	0.139
1.750	-0.246	-3.815E-2	0.169	0.137
1.767	-0.247	-3.997E-2	0.171	0.137
1.783	-0.248	-3.941E-2	0.174	0.131
1.800	-0.248	-2.943E-2	0.176	0.131
1.817	-0.249	-2.349E-2	0.178	0.136
1.833	-0.249	-2.394E-2	0.180	0.136
1.850	-0.250	-1.856E-2	0.183	0.131
1.867	-0.250	-1.411E-2	0.185	0.123
1.883	-0.250	-1.177E-2	0.187	0.118
1.900	-0.250	-7.443E-3	0.189	0.117
1.917	-0.250	-3.949E-3	0.191	0.118
1.933	-0.250	3.756E-3	0.193	0.113
1.950	-0.250	7.442E-3	0.194	0.107
1.967	-0.250	1.077E-2	0.196	0.102
1.983	-0.250	9.837E-3	0.198	0.101
2.000	-0.250	1.341E-2	0.200	9.728E-2
2.017	-0.249	2.471E-2	0.201	9.237E-2
2.033	-0.249	2.726E-2	0.203	9.278E-2
2.050	-0.248	3.317E-2	0.204	8.339E-2
2.067	-0.248	3.805E-2	0.205	7.899E-2
2.083	-0.247	3.925E-2	0.207	7.545E-2
2.100	-0.247	4.428E-2	0.208	6.831E-2
2.117	-0.246	4.917E-2	0.209	6.336E-2
2.133	-0.245	5.329E-2	0.210	5.898E-2
2.150	-0.244	5.578E-2	0.211	5.395E-2
2.167	-0.243	6.106E-2	0.212	4.441E-2
2.183	-0.242	6.657E-2	0.212	3.986E-2
2.200	-0.241	7.272E-2	0.213	3.757E-2
2.217	-0.239	7.485E-2	0.214	3.221E-2
2.233	-0.238	7.542E-2	0.214	2.534E-2
2.250	-0.237	7.787E-2	0.215	1.854E-2
2.267	-0.236	8.100E-2	0.215	9.972E-3
2.283	-0.234	8.314E-2	0.215	3.157E-3
2.300	-0.233	8.863E-2	0.215	5.115E-4
2.317	-0.231	9.611E-2	0.215	-6.067E-3
2.333	-0.230	9.113E-2	0.215	-1.123E-2
2.350	-0.228	9.214E-2	0.215	-1.264E-2
2.367	-0.227	9.699E-2	0.214	-1.739E-2
2.383	-0.225	9.725E-2	0.214	-2.688E-2
2.400	-0.223	9.758E-2	0.213	-3.529E-2
2.417	-0.222	0.106	0.213	-3.605E-2
2.433	-0.220	0.104	0.212	-3.911E-2
2.450	-0.218	0.107	0.211	-4.936E-2
2.467	-0.216	0.109	0.211	-5.156E-2
2.483	-0.215	9.847E-2	0.210	-5.732E-2
2.500	-0.213	0.110	0.209	-6.089E-2
2.517	-0.211	0.109	0.208	-6.206E-2
2.533	-0.209	0.104	0.207	-7.259E-2
2.550	-0.208	0.107	0.205	-7.463E-2
2.567	-0.206	0.108	0.204	-7.577E-2
2.583	-0.204	0.105	0.203	-7.975E-2
2.600	-0.202	0.101	0.201	-8.185E-2
2.617	-0.201	0.102	0.200	-8.659E-2
2.633	-0.199	0.102	0.199	-9.227E-2
2.650	-0.197	9.423E-2	0.197	-9.660E-2
2.667	-0.196	9.290E-2	0.195	-9.266E-2
2.683	-0.194	9.431E-2	0.194	-9.534E-2
2.700	-0.193	8.892E-2	0.192	-0.105
2.717	-0.191	8.932E-2	0.190	-0.105
2.733	-0.190	8.186E-2	0.189	-0.101
2.750	-0.188	7.545E-2	0.187	-0.101
2.767	-0.187	7.601E-2	0.185	-0.106
2.783	-0.186	7.332E-2	0.184	-0.104
2.800	-0.185	6.892E-2	0.182	-0.101
2.817	-0.184	6.696E-2	0.180	-0.110
2.833	-0.182	6.942E-2	0.178	-0.106
2.850	-0.181	6.147E-2	0.177	-0.100
2.867	-0.180	5.040E-2	0.175	-0.105
2.883	-0.180	4.824E-2	0.173	-0.105
2.900	-0.179	4.018E-2	0.171	-0.104
2.917	-0.178	3.471E-2	0.170	-0.103
2.933	-0.178	3.299E-2	0.168	-0.102
2.950	-0.177	3.157E-2	0.166	-9.651E-2
2.967	-0.177	2.511E-2	0.165	-9.525E-2
2.983	-0.176	1.318E-2	0.163	-9.592E-2
3.000	-0.176	7.872E-3	0.161	-8.998E-2
3.017	-0.176	2.497E-3	0.160	-8.762E-2
3.033	-0.176	4.961E-4	0.159	-8.701E-2
3.050	-0.176	-4.782E-3	0.157	-8.461E-2
3.067	-0.176	-1.221E-2	0.156	-8.359E-2
3.083	-0.176	-1.776E-2	0.154	-7.710E-2
3.100	-0.177	-2.942E-2	0.153	-7.313E-2
3.117	-0.177	-3.626E-2	0.152	-7.070E-2
3.133	-0.178	-3.576E-2	0.151	-6.535E-2
3.150	-0.179	-4.074E-2	0.150	-6.764E-2
3.167	-0.179	-5.185E-2	0.149	-6.200E-2
3.183	-0.180	-5.695E-2	0.148	-5.125E-2
3.200	-0.181	-5.904E-2	0.147	-5.195E-2
3.217	-0.182	-6.329E-2	0.146	-4.661E-2
3.233	-0.183	-6.939E-2	0.145	-3.958E-2
3.250	-0.185	-7.671E-2	0.145	-3.531E-2
3.267	-0.186	-7.925E-2	0.144	-3.251E-2
3.283	-0.187	-8.294E-2	0.144	-3.048E-2
3.300	-0.189	-9.183E-2	0.143	-2.371E-2
3.317	-0.190	-9.348E-2	0.143	-2.161E-2
3.333	-0.192	-9.418E-2	0.142	-1.971E-2
3.350	-0.193	-0.103	0.142	-1.481E-2
3.367	-0.195	-0.104	0.142	-8.068E-3
3.383	-0.197	-0.112	0.142	-2.899E-3
3.400	-0.199	-0.117	0.142	-6.706E-4
3.417	-0.201	-0.117	0.142	2.209E-3
3.433	-0.203	-0.121	0.142	8.900E-3
3.450	-0.205	-0.122	0.142	1.528E-2
3.467	-0.207	-0.126	0.142	1.643E-2
3.483	-0.209	-0.125	0.143	1.777E-2
3.500	-0.211	-0.129	0.143	2.138E-2
3.517	-0.213	-0.135	0.143	3.152E-2
3.533	-0.216	-0.132	0.144	3.630E-2
3.550	-0.218	-0.132	0.145	3.526E-2
3.567	-0.220	-0.135	0.145	4.118E-2
3.583	-0.222	-0.136	0.146	4.625E-2
3.600	-0.225	-0.133	0.147	4.249E-2
3.617	-0.227	-0.136	0.147	4.201E-2
3.633	-0.229	-0.138	0.148	5.024E-2
3.650	-0.231	-0.137	0.149	5.154E-2
3.667	-0.234	-0.136	0.150	4.955E-2
3.683	-0.236	-0.132	0.151	5.534E-2
3.700	-0.238	-0.131	0.152	6.061E-2
3.717	-0.240	-0.130	0.153	6.620E-2
3.733	-0.242	-0.126	0.154	6.621E-2
3.750	-0.244	-0.124	0.155	5.990E-2
3.767	-0.246	-0.122	0.156	6.370E-2
3.783	-0.248	-0.120	0.157	6.382E-2
3.800	-0.250	-0.117	0.158	6.628E-2
3.817	-0.252	-0.111	0.159	7.238E-2
3.833	-0.254	-0.111	0.160	6.893E-2
3.850	-0.256	-0.110	0.162	6.847E-2
3.867	-0.258	-0.102	0.163	7.284E-2
3.883	-0.259	-9.621E-2	0.164	7.186E-2
3.900	-0.261	-9.378E-2	0.165	6.788E-2
3.917	-0.263	-8.873E-2	0.166	6.741E-2
3.933	-0.264	-7.865E-2	0.167	6.898E-2
3.950	-0.265	-7.794E-2	0.169	6.835E-2
3.967	-0.267	-7.710E-2	0.170	6.121E-2
3.983	-0.268	-6.453E-2	0.171	6.052E-2
4.000	-0.269	-5.668E-2	0.172	6.223E-2
4.017	-0.270	-5.650E-2	0.173	6.163E-2
4.033	-0.271	-5.200E-2	0.174	5.722E-2
4.050	-0.271	-4.450E-2	0.175	5.514E-2
4.067	-0.272	-3.542E-2	0.176	5.676E-2
4.083	-0.273	-2.817E-2	0.176	5.236E-2
4.100	-0.273	-2.233E-2	0.177	5.279E-2
4.117	-0.273	-1.296E-2	0.178	5.136E-2
4.133	-0.273	-7.095E-3	0.179	4.676E-2
4.150	-0.274	-2.172E-3	0.180	4.409E-2
4.167	-0.274	1.029E-3	0.180	3.967E-2
4.183	-0.274	6.421E-3	0.181	3.919E-2
4.200	-0.273	1.753E-2	0.182	3.471E-2
4.217	-0.273	2.355E-2	0.182	3.054E-2
4.233	-0.273	3.261E-2	0.183	2.987E-2
4.250	-0.272	4.128E-2	0.183	2.770E-2
4.267	-0.271	4.045E-2	0.184	2.737E-2
4.283	-0.271	4.545E-2	0.184	2.122E-2
4.300	-0.270	5.994E-2	0.184	1.924E-2
4.317	-0.269	6.802E-2	0.185	1.646E-2
4.333	-0.267	7.040E-2	0.185	1.422E-2
4.350	-0.266	7.824E-2	0.185	9.171E-3
4.367	-0.265	8.219E-2	0.185	3.012E-3
4.383	-0.263	8.579E-2	0.185	1.303E-3
4.400	-0.262	9.456E-2	0.185	-8.444E-4
4.417	-0.260	0.101	0.185	-1.463E-3
4.433	-0.259	0.104	0.185	-5.229E-3
4.450	-0.257	0.112	0.185	-6.603E-3
4.467	-0.255	0.116	0.185	-8.455E-3
4.483	-0.253	0.118	0.185	-1.216E-2
4.500	-0.251	0.124	0.185	-1.753E-2
4.517	-0.249	0.124	0.184	-1.858E-2
4.533	-0.247	0.127	0.184	-1.723E-2
4.550	-0.245	0.133	0.184	-1.850E-2
4.567	-0.242	0.135	0.183	-2.284E-2
4.583	-0.240	0.140	0.183	-2.663E-2
4.600	-0.238	0.143	0.183	-3.026E-2
4.617	-0.235	0.140	0.182	-2.877E-2
4.633	-0.233	0.147	0.182	-2.798E-2
4.650	-0.230	0.149	0.181	-3.440E-2
4.667	-0.228	0.144	0.180	-3.731E-2
4.683	-0.226	0.144	0.180	-3.756E-2
4.700	-0.223	0.150	0.179	-3.321E-2
4.717	-0.221	0.154	0.179	-3.790E-2
4.733	-0.218	0.147	0.178	-4.207E-2
4.750	-0.216	0.148	0.177	-3.964E-2
4.767	-0.213	0.153	0.177	-4.172E-2
4.783	-0.211	0.147	0.176	-4.360E-2
4.800	-0.208	0.145	0.175	-4.174E-2
4.817	-0.206	0.145	0.174	-3.643E-2
4.833	-0.203	0.143	0.174	-3.967E-2
4.850	-0.201	0.139	0.173	-4.363E-2
4.867	-0.199	0.137	0.172	-4.038E-2
4.883	-0.196	0.139	0.172	-3.888E-2
4.900	-0.194	0.137	0.171	-3.777E-2
4.917	-0.192	0.130	0.171	-4.012E-2
4.933	-0.190	0.124	0.170	-3.611E-2
4.950	-0.188	0.122	0.169	-3.297E-2
4.967	-0.186	0.118	0.169	-3.648E-2
4.983	-0.184	0.113	0.168	-3.524E-2
5.000	-0.182	0.102	0.168	-3.364E-2
5.017	-0.180	0.103	0.167	-2.984E-2
5.033	-0.178	0.102	0.167	-2.632E-2
5.050	-0.177	8.870E-2	0.166	-3.105E-2
5.067	-0.176	8.634E-2	0.166	-2.869E-2
5.083	-0.174	8.461E-2	0.165	-2.066E-2
5.100	-0.173	7.551E-2	0.165	-2.160E-2
5.117	-0.172	6.721E-2	0.164	-2.032E-2
5.133	-0.170	5.952E-2	0.164	-1.816E-2
5.150	-0.170	5.940E-2	0.164	-1.586E-2
5.167	-0.168	5.310E-2	0.164	-1.328E-2
5.183	-0.168	4.593E-2	0.163	-9.168E-3
5.200	-0.167	4.298E-2	0.163	-6.075E-3
5.217	-0.166	3.235E-2	0.163	-4.146E-3
5.233	-0.166	1.780E-2	0.163	-2.208E-3
5.250	-0.166	1.084E-2	0.163	-8.577E-4
5.267	-0.166	1.072E-2	0.163	1.974E-3
5.283	-0.165	8.331E-3	0.163	5.776E-3
5.300	-0.165	5.960E-4	0.163	6.777E-3
5.317	-0.165	-8.035E-3	0.163	1.174E-2
5.333	-0.166	-1.469E-2	0.164	1.763E-2
5.350	-0.166	-2.444E-2	0.164	1.923E-2
5.367	-0.166	-3.039E-2	0.164	1.861E-2
5.383	-0.167	-3.795E-2	0.165	2.263E-2
5.400	-0.168	-4.626E-2	0.165	2.438E-2
5.417	-0.168	-4.927E-2	0.165	2.420E-2
5.433	-0.169	-5.314E-2	0.166	3.032E-2
5.450	-0.170	-6.173E-2	0.166	2.988E-2
5.467	-0.171	-7.072E-2	0.167	2.985E-2
5.483	-0.173	-7.340E-2	0.167	3.129E-2
5.500	-0.174	-7.851E-2	0.168	3.123E-2
5.517	-0.175	-9.036E-2	0.169	3.573E-2
5.533	-0.177	-9.219E-2	0.169	4.015E-2
5.550	-0.178	-9.758E-2	0.170	3.637E-2
5.567	-0.180	-0.103	0.170	3.853E-2
5.583	-0.182	-0.108	0.171	4.138E-2
5.600	-0.184	-0.111	0.172	4.254E-2
5.617	-0.185	-0.115	0.173	4.699E-2
5.633	-0.187	-0.124	0.173	4.560E-2
5.650	-0.190	-0.125	0.174	4.446E-2
5.667	-0.192	-0.129	0.175	4.535E-2
5.683	-0.194	-0.128	0.176	4.745E-2
5.700	-0.196	-0.128	0.176	4.815E-2
5.717	-0.198	-0.139	0.177	4.488E-2
5.733	-0.200	-0.145	0.178	4.764E-2
5.750	-0.203	-0.144	0.179	4.999E-2
5.767	-0.205	-0.142	0.180	4.415E-2
5.783	-0.208	-0.147	0.180	4.453E-2
5.800	-0.210	-0.146	0.181	4.352E-2
5.817	-0.213	-0.146	0.182	3.973E-2
5.833	-0.215	-0.146	0.182	4.526E-2
5.850	-0.217	-0.142	0.183	4.318E-2
5.867	-0.220	-0.141	0.184	3.607E-2
5.883	-0.222	-0.145	0.184	3.687E-2
5.900	-0.225	-0.147	0.185	3.533E-2
5.917	-0.227	-0.148	0.186	3.305E-2
5.933	-0.230	-0.144	0.186	2.938E-2
5.950	-0.232	-0.138	0.187	3.014E-2
5.967	-0.234	-0.141	0.187	3.108E-2
5.983	-0.237	-0.139	0.188	2.387E-2
6.000	-0.239	-0.136	0.188	2.091E-2
6.017	-0.241	-0.130	0.188	1.973E-2
6.033	-0.243	-0.128	0.189	1.565E-2
6.050	-0.245	-0.126	0.189	1.144E-2
6.067	-0.247	-0.121	0.189	1.094E-2
6.083	-0.249	-0.121	0.189	9.375E-3
6.100	-0.251	-0.113	0.189	5.222E-3
6.117	-0.253	-0.105	0.189	2.456E-3
6.133	-0.255	-0.107	0.189	-6.089E-4
6.150	-0.257	-9.907E-2	0.189	-4.970E-3
6.167	-0.258	-9.149E-2	0.189	-4.658E-3
6.183	-0.260	-8.842E-2	0.189	-9.428E-3
6.200	-0.261	-8.318E-2	0.189	-1.619E-2
6.217	-0.263	-8.107E-2	0.189	-1.485E-2
6.233	-0.264	-6.986E-2	0.188	-2.109E-2
6.250	-0.265	-6.421E-2	0.188	-2.655E-2
6.267	-0.266	-6.126E-2	0.188	-2.694E-2
6.283	-0.267	-5.246E-2	0.187	-3.001E-2
6.300	-0.268	-4.645E-2	0.187	-3.645E-2
6.317	-0.268	-4.321E-2	0.186	-4.023E-2
6.333	-0.269	-3.474E-2	0.185	-4.412E-2
6.350	-0.270	-2.914E-2	0.184	-4.428E-2
6.367	-0.270	-2.739E-2	0.184	-4.429E-2
6.383	-0.271	-1.500E-2	0.183	-5.232E-2
6.400	-0.271	-6.809E-3	0.182	-5.069E-2
6.417	-0.271	-3.093E-3	0.181	-5.429E-2
6.433	-0.271	2.279E-3	0.180	-6.102E-2
6.450	-0.271	5.666E-3	0.179	-5.938E-2
6.467	-0.271	1.189E-2	0.178	-6.498E-2
6.483	-0.270	2.553E-2	0.177	-6.591E-2
6.500	-0.270	3.556E-2	0.176	-6.768E-2
6.517	-0.269	3.731E-2	0.175	-7.463E-2
6.533	-0.268	4.178E-2	0.173	-7.073E-2
6.550	-0.268	4.455E-2	0.172	-7.177E-2
6.567	-0.267	5.086E-2	0.171	-7.646E-2
6.583	-0.266	5.870E-2	0.170	-7.519E-2
6.600	-0.265	5.952E-2	0.169	-7.360E-2
6.617	-0.264	6.461E-2	0.167	-7.697E-2
6.633	-0.263	7.324E-2	0.166	-7.596E-2
6.650	-0.262	7.934E-2	0.165	-7.540E-2
6.667	-0.260	8.362E-2	0.164	-7.938E-2
6.683	-0.259	8.426E-2	0.162	-7.823E-2
6.700	-0.257	9.217E-2	0.161	-8.016E-2
6.717	-0.256	9.878E-2	0.160	-7.532E-2
6.733	-0.254	9.876E-2	0.158	-7.331E-2
6.750	-0.252	0.104	0.157	-7.667E-2
6.767	-0.251	0.108	0.156	-7.576E-2
6.783	-0.249	0.108	0.155	-7.391E-2
6.800	-0.247	0.115	0.153	-7.604E-2
6.817	-0.245	0.120	0.152	-7.224E-2
6.833	-0.243	0.116	0.151	-6.827E-2
6.850	-0.241	0.119	0.150	-7.032E-2
6.867	-0.239	0.123	0.149	-6.715E-2
6.883	-0.237	0.125	0.148	-5.985E-2
6.900	-0.235	0.127	0.147	-5.709E-2
6.917	-0.233	0.122	0.146	-5.753E-2
6.933	-0.231	0.126	0.145	-5.212E-2
6.950	-0.229	0.131	0.144	-5.035E-2
6.967	-0.226	0.126	0.143	-4.833E-2
6.983	-0.224	0.122	0.142	-4.898E-2
7.000	-0.222	0.125	0.141	-4.182E-2
7.017	-0.220	0.125	0.141	-3.206E-2
7.033	-0.218	0.124	0.140	-3.200E-2
7.050	-0.216	0.125	0.140	-3.290E-2
7.067	-0.214	0.123	0.139	-2.942E-2
7.083	-0.212	0.120	0.139	-2.607E-2
7.100	-0.210	0.118	0.138	-1.898E-2
7.117	-0.208	0.111	0.138	-9.474E-3
7.133	-0.206	0.108	0.138	-8.753E-3
7.150	-0.205	0.110	0.138	-4.540E-3
7.167	-0.203	0.106	0.138	2.117E-3
7.183	-0.201	9.999E-2	0.138	6.376E-3
7.200	-0.199	9.884E-2	0.138	8.871E-3
7.217	-0.198	9.640E-2	0.138	1.232E-2
7.233	-0.196	9.352E-2	0.139	1.854E-2
7.250	-0.195	8.765E-2	0.139	2.231E-2
7.267	-0.193	8.285E-2	0.139	2.604E-2
7.283	-0.192	8.169E-2	0.140	3.722E-2
7.300	-0.191	7.073E-2	0.141	3.612E-2
7.317	-0.189	6.813E-2	0.141	3.780E-2
7.333	-0.188	6.856E-2	0.142	4.943E-2
7.350	-0.187	5.762E-2	0.143	4.825E-2
7.367	-0.186	5.585E-2	0.143	4.966E-2
7.383	-0.185	5.207E-2	0.144	5.872E-2
7.400	-0.185	4.265E-2	0.145	6.513E-2
7.417	-0.184	4.096E-2	0.146	6.740E-2
7.433	-0.183	3.703E-2	0.148	7.223E-2
7.450	-0.183	3.028E-2	0.149	7.835E-2
7.467	-0.182	2.514E-2	0.150	8.032E-2
7.483	-0.182	1.909E-2	0.152	8.158E-2
7.500	-0.182	1.719E-2	0.153	8.538E-2
7.517	-0.181	1.049E-2	0.154	9.178E-2
7.533	-0.181	1.994E-3	0.156	9.193E-2
7.550	-0.181	-1.501E-3	0.157	9.186E-2
7.567	-0.181	-6.794E-3	0.159	9.810E-2
7.583	-0.181	-1.196E-2	0.161	9.919E-2
7.600	-0.182	-1.696E-2	0.162	0.101
7.617	-0.182	-2.079E-2	0.164	0.104
7.633	-0.182	-2.638E-2	0.166	0.108
7.650	-0.183	-3.311E-2	0.168	0.112
7.667	-0.183	-3.632E-2	0.170	0.111
7.683	-0.184	-4.023E-2	0.171	0.112
7.700	-0.185	-4.391E-2	0.173	0.111
7.717	-0.186	-5.005E-2	0.175	0.109
7.733	-0.186	-5.472E-2	0.177	0.112
7.750	-0.187	-5.708E-2	0.179	0.114
7.767	-0.188	-5.990E-2	0.181	0.111
7.783	-0.189	-6.404E-2	0.182	0.111
7.800	-0.191	-6.794E-2	0.184	0.114
7.817	-0.192	-6.860E-2	0.186	0.110
7.833	-0.193	-7.874E-2	0.188	0.107
7.850	-0.194	-7.768E-2	0.190	0.106
7.867	-0.195	-7.348E-2	0.192	0.103
7.883	-0.197	-8.135E-2	0.193	0.104
7.900	-0.198	-8.317E-2	0.195	0.104
7.917	-0.199	-8.347E-2	0.197	9.894E-2
7.933	-0.201	-8.697E-2	0.198	0.101
7.950	-0.202	-8.775E-2	0.200	9.840E-2
7.967	-0.204	-8.621E-2	0.202	8.622E-2
7.983	-0.205	-9.327E-2	0.203	8.659E-2
8.000	-0.207	-9.347E-2	0.205	8.825E-2
8.017	-0.208	-9.221E-2	0.206	8.282E-2
8.033	-0.210	-9.010E-2	0.207	7.672E-2
8.050	-0.211	-8.842E-2	0.208	7.134E-2
8.067	-0.213	-9.273E-2	0.210	6.968E-2
8.083	-0.214	-9.349E-2	0.211	6.061E-2
8.100	-0.216	-9.070E-2	0.212	5.644E-2
8.117	-0.217	-9.145E-2	0.213	5.642E-2
8.133	-0.219	-9.062E-2	0.214	5.059E-2
8.150	-0.221	-8.501E-2	0.214	4.202E-2
8.167	-0.222	-8.533E-2	0.215	3.919E-2
8.183	-0.223	-8.724E-2	0.216	3.193E-2
8.200	-0.225	-8.447E-2	0.216	2.430E-2
8.217	-0.226	-7.935E-2	0.216	2.514E-2
8.233	-0.227	-7.823E-2	0.217	1.713E-2
8.250	-0.229	-7.530E-2	0.217	8.431E-3
8.267	-0.230	-7.650E-2	0.217	6.612E-3
8.283	-0.231	-7.263E-2	0.217	2.636E-3
8.300	-0.232	-6.798E-2	0.217	-7.049E-3
8.317	-0.234	-6.853E-2	0.217	-1.300E-2
8.333	-0.235	-6.133E-2	0.217	-2.348E-2
8.350	-0.236	-6.055E-2	0.216	-2.982E-2
8.367	-0.237	-5.757E-2	0.216	-2.787E-2
8.383	-0.238	-5.199E-2	0.215	-3.463E-2
8.400	-0.238	-5.069E-2	0.215	-4.367E-2
8.417	-0.239	-4.620E-2	0.214	-5.042E-2
8.433	-0.240	-4.468E-2	0.213	-5.439E-2
8.450	-0.241	-4.087E-2	0.212	-6.084E-2
8.467	-0.241	-3.345E-2	0.211	-6.993E-2
8.483	-0.242	-3.059E-2	0.210	-7.641E-2
8.500	-0.242	-2.632E-2	0.208	-7.792E-2
8.517	-0.243	-2.560E-2	0.207	-7.861E-2
8.533	-0.243	-2.662E-2	0.206	-8.575E-2
8.550	-0.244	-1.724E-2	0.204	-9.360E-2
8.567	-0.244	-1.386E-2	0.203	-9.815E-2
8.583	-0.244	-1.157E-2	0.201	-9.876E-2
8.600	-0.244	-7.134E-3	0.199	-0.105
8.617	-0.244	-2.595E-3	0.198	-0.109
8.633	-0.244	2.593E-3	0.196	-0.112
8.650	-0.244	6.662E-3	0.194	-0.117
8.667	-0.244	9.961E-3	0.192	-0.120
8.683	-0.244	1.099E-2	0.190	-0.123
8.700	-0.244	1.449E-2	0.188	-0.127
8.717	-0.243	1.634E-2	0.186	-0.131
8.733	-0.243	2.350E-2	0.183	-0.130
8.750	-0.243	2.485E-2	0.181	-0.131
8.767	-0.242	2.471E-2	0.179	-0.136
8.783	-0.242	3.366E-2	0.177	-0.138
8.800	-0.241	3.370E-2	0.174	-0.136
8.817	-0.241	3.650E-2	0.172	-0.133
8.833	-0.240	4.034E-2	0.170	-0.136
8.850	-0.239	4.044E-2	0.168	-0.138
8.867	-0.239	4.059E-2	0.165	-0.138
8.883	-0.238	4.032E-2	0.163	-0.139
8.900	-0.237	4.958E-2	0.161	-0.137
8.917	-0.236	5.102E-2	0.158	-0.136
8.933	-0.236	4.493E-2	0.156	-0.134
8.950	-0.235	4.984E-2	0.154	-0.133
8.967	-0.234	4.988E-2	0.152	-0.131
8.983	-0.233	5.283E-2	0.150	-0.127
9.000	-0.232	5.888E-2	0.148	-0.123
9.017	-0.231	5.202E-2	0.146	-0.126
9.033	-0.230	5.307E-2	0.143	-0.125
9.050	-0.229	5.667E-2	0.141	-0.111
9.067	-0.229	5.382E-2	0.140	-0.110
9.083	-0.228	5.294E-2	0.138	-0.110
9.100	-0.227	5.349E-2	0.136	-0.108
9.117	-0.226	5.591E-2	0.134	-0.105
9.133	-0.225	6.021E-2	0.132	-9.691E-2
9.150	-0.224	5.475E-2	0.131	-9.117E-2
9.167	-0.223	5.067E-2	0.129	-8.551E-2
9.183	-0.222	5.285E-2	0.128	-8.164E-2
9.200	-0.221	4.953E-2	0.127	-7.455E-2
9.217	-0.221	5.112E-2	0.126	-6.899E-2
9.233	-0.220	5.194E-2	0.124	-6.568E-2
9.250	-0.219	4.762E-2	0.123	-5.730E-2
9.267	-0.218	4.508E-2	0.122	-4.982E-2
9.283	-0.217	4.490E-2	0.122	-4.954E-2
9.300	-0.217	4.280E-2	0.121	-4.144E-2
9.317	-0.216	3.838E-2	0.120	-3.445E-2
9.333	-0.215	1.738E-2	0.120	-1.766E-2
9.350	-0.215	1.723E-2	0.120	-1.176E-2
9.367	-0.215	3.525E-2	0.119	-2.214E-2
9.383	-0.214	3.156E-2	0.119	-1.552E-2
9.400	-0.214	2.933E-2	0.119	-9.644E-3
9.417	-0.213	3.226E-2	0.119	-3.794E-3
9.433	-0.213	2.825E-2	0.119	1.632E-3
9.450	-0.212	1.797E-2	0.119	8.818E-3
9.467	-0.212	2.027E-2	0.119	1.857E-2
9.483	-0.212	2.299E-2	0.119	2.520E-2
9.500	-0.211	1.684E-2	0.120	2.770E-2
9.517	-0.211	1.786E-2	0.120	3.602E-2
9.533	-0.211	1.001E-2	0.121	4.752E-2
9.550	-0.211	1.904E-3	0.122	5.009E-2
9.567	-0.211	1.336E-3	0.123	5.112E-2
9.583	-0.211	-1.046E-3	0.124	6.006E-2
9.600	-0.211	4.018E-5	0.125	7.150E-2
9.617	-0.211	-2.698E-3	0.126	7.233E-2
9.633	-0.211	-7.490E-3	0.127	7.706E-2
9.650	-0.211	-4.269E-3	0.128	8.718E-2
9.667	-0.211	-3.712E-3	0.130	8.840E-2
9.683	-0.211	-1.079E-2	0.131	9.569E-2
9.700	-0.211	-1.613E-2	0.133	0.100
9.717	-0.211	-1.865E-2	0.135	0.105
9.733	-0.212	-1.762E-2	0.137	0.112
9.750	-0.212	-2.020E-2	0.138	0.110
9.767	-0.212	-2.173E-2	0.140	0.122
9.783	-0.213	-1.892E-2	0.143	0.123
9.800	-0.213	-2.454E-2	0.144	0.121
9.817	-0.214	-3.091E-2	0.147	0.133
9.833	-0.214	-3.413E-2	0.149	0.131
9.850	-0.215	-3.540E-2	0.151	0.131
9.867	-0.215	-3.308E-2	0.153	0.134
9.883	-0.216	-3.509E-2	0.155	0.139
9.900	-0.216	-3.611E-2	0.158	0.141
9.917	-0.217	-3.552E-2	0.160	0.142
9.933	-0.218	-3.341E-2	0.163	0.145
9.950	-0.218	-3.391E-2	0.165	0.143
9.967	-0.219	-3.616E-2	0.167	0.146
9.983	-0.219	-3.889E-2	0.170	0.147
10.000	-0.220	-3.980E-2	0.172	0.147
10.017	-0.221	-3.738E-2	0.175	0.148
10.033	-0.221	-3.659E-2	0.177	0.146
10.050	-0.222	-3.627E-2	0.180	0.144
10.067	-0.223	-3.598E-2	0.182	0.144
10.083	-0.223	-3.589E-2	0.184	0.139
10.100	-0.224	-3.203E-2	0.187	0.139
10.117	-0.224	-3.590E-2	0.189	0.138
10.133	-0.225	-3.709E-2	0.191	0.136
10.150	-0.225	-2.782E-2	0.194	0.133
10.167	-0.226	-3.091E-2	0.196	0.130
10.183	-0.226	-2.945E-2	0.198	0.126
10.200	-0.227	-2.715E-2	0.200	0.123
10.217	-0.227	-2.853E-2	0.202	0.123
10.233	-0.228	-1.936E-2	0.204	0.120
10.250	-0.228	-1.929E-2	0.206	0.111
10.267	-0.228	-1.733E-2	0.208	0.105
10.283	-0.229	-1.235E-2	0.209	0.101
10.300	-0.229	-1.525E-2	0.211	0.101
10.317	-0.229	-9.774E-3	0.213	9.404E-2
10.333	-0.229	-8.116E-3	0.214	8.448E-2
10.350	-0.229	-9.750E-3	0.216	7.835E-2
10.367	-0.229	-8.122E-3	0.217	7.051E-2
10.383	-0.230	-5.355E-3	0.218	6.748E-2
10.400	-0.230	3.771E-4	0.219	6.461E-2
10.417	-0.230	2.447E-3	0.220	5.727E-2
10.433	-0.230	2.498E-3	0.221	4.473E-2
10.450	-0.230	8.066E-3	0.222	4.009E-2
10.467	-0.229	7.948E-3	0.222	3.906E-2
10.483	-0.229	8.093E-3	0.223	3.283E-2
10.500	-0.229	1.488E-2	0.223	2.675E-2
10.517	-0.229	1.832E-2	0.224	1.633E-2
10.533	-0.228	2.115E-2	0.224	4.121E-3
10.550	-0.228	2.565E-2	0.224	-5.371E-4
10.567	-0.228	2.381E-2	0.224	-3.870E-3
10.583	-0.227	2.326E-2	0.224	-1.209E-2
10.600	-0.227	2.872E-2	0.224	-1.478E-2
10.617	-0.226	3.188E-2	0.223	-1.973E-2
10.633	-0.226	3.049E-2	0.223	-2.795E-2
10.650	-0.225	3.286E-2	0.222	-3.380E-2
10.667	-0.225	3.722E-2	0.222	-3.888E-2
10.683	-0.224	3.641E-2	0.221	-4.470E-2
10.700	-0.223	3.967E-2	0.220	-5.879E-2
10.717	-0.223	4.201E-2	0.219	-6.434E-2
10.733	-0.222	3.993E-2	0.218	-6.247E-2
10.750	-0.221	4.230E-2	0.217	-6.921E-2
10.767	-0.221	4.928E-2	0.216	-7.503E-2
10.783	-0.220	4.292E-2	0.215	-7.838E-2
10.800	-0.219	4.895E-2	0.213	-8.810E-2
10.817	-0.218	5.974E-2	0.212	-9.165E-2
10.833	-0.217	5.250E-2	0.210	-9.848E-2
10.850	-0.216	5.050E-2	0.208	-0.106
10.867	-0.216	4.951E-2	0.207	-0.104
10.883	-0.215	5.087E-2	0.205	-0.109
10.900	-0.214	5.353E-2	0.203	-0.114
10.917	-0.213	5.201E-2	0.201	-0.119
10.933	-0.212	5.529E-2	0.199	-0.120
10.950	-0.211	5.486E-2	0.197	-0.123
10.967	-0.210	4.724E-2	0.195	-0.128
10.983	-0.210	4.460E-2	0.193	-0.131
11.000	-0.209	4.826E-2	0.191	-0.133
11.017	-0.208	4.926E-2	0.188	-0.135
11.033	-0.207	4.699E-2	0.186	-0.136
11.050	-0.206	4.751E-2	0.184	-0.133
11.067	-0.206	4.687E-2	0.182	-0.136
11.083	-0.205	4.410E-2	0.179	-0.136
11.100	-0.204	4.380E-2	0.177	-0.137
11.117	-0.203	3.828E-2	0.175	-0.139
11.133	-0.203	3.426E-2	0.172	-0.138
11.150	-0.202	3.397E-2	0.170	-0.140
11.167	-0.202	3.306E-2	0.168	-0.139
11.183	-0.201	3.509E-2	0.166	-0.136
11.200	-0.201	2.631E-2	0.163	-0.137
11.217	-0.200	2.441E-2	0.161	-0.133
11.233	-0.200	2.477E-2	0.159	-0.129
11.250	-0.199	1.657E-2	0.157	-0.126
11.267	-0.199	1.584E-2	0.155	-0.126
11.283	-0.199	9.981E-3	0.152	-0.125
11.300	-0.199	1.112E-2	0.150	-0.117
11.317	-0.198	9.524E-3	0.149	-0.110
11.333	-0.198	-8.895E-4	0.147	-0.112
11.350	-0.199	-2.108E-3	0.145	-0.113
11.367	-0.199	-2.424E-3	0.143	-0.107
11.383	-0.199	-1.031E-2	0.141	-9.950E-2
11.400	-0.199	-9.563E-3	0.140	-9.582E-2
11.417	-0.199	-7.906E-3	0.138	-9.338E-2
11.433	-0.199	-1.809E-2	0.137	-8.802E-2
11.450	-0.200	-2.270E-2	0.135	-8.166E-2
11.467	-0.200	-2.311E-2	0.134	-7.175E-2
11.483	-0.200	-2.591E-2	0.133	-6.678E-2
11.500	-0.201	-3.041E-2	0.132	-6.505E-2
11.517	-0.201	-3.469E-2	0.131	-6.057E-2
11.533	-0.202	-3.805E-2	0.130	-5.521E-2
11.550	-0.203	-4.253E-2	0.129	-5.079E-2
11.567	-0.203	-4.644E-2	0.128	-4.682E-2
11.583	-0.204	-4.716E-2	0.127	-3.760E-2
11.600	-0.205	-4.928E-2	0.127	-3.161E-2
11.617	-0.206	-5.355E-2	0.126	-2.782E-2
11.633	-0.207	-5.628E-2	0.126	-1.892E-2
11.650	-0.208	-5.962E-2	0.125	-1.549E-2
11.667	-0.209	-6.484E-2	0.125	-9.626E-3
11.683	-0.210	-7.215E-2	0.125	-1.111E-3
11.700	-0.211	-7.420E-2	0.125	2.061E-3
11.717	-0.212	-7.397E-2	0.125	8.597E-3
11.733	-0.214	-7.602E-2	0.125	1.503E-2
11.750	-0.215	-7.400E-2	0.126	1.844E-2
11.767	-0.216	-7.717E-2	0.126	2.835E-2
11.783	-0.217	-7.697E-2	0.127	3.121E-2
11.800	-0.219	-7.861E-2	0.127	3.445E-2
11.817	-0.220	-8.633E-2	0.128	4.125E-2
11.833	-0.221	-8.662E-2	0.128	4.344E-2
11.850	-0.223	-8.277E-2	0.129	5.101E-2
11.867	-0.224	-8.553E-2	0.130	6.106E-2
11.883	-0.226	-8.697E-2	0.131	6.428E-2
11.900	-0.227	-8.401E-2	0.132	6.700E-2
11.917	-0.229	-8.582E-2	0.134	7.118E-2
11.933	-0.230	-8.964E-2	0.135	7.670E-2
11.950	-0.232	-8.720E-2	0.136	7.673E-2
11.967	-0.233	-8.522E-2	0.137	7.728E-2
11.983	-0.234	-8.606E-2	0.139	8.958E-2
12.000	-0.236	-8.299E-2	0.140	9.456E-2
12.017	-0.237	-8.341E-2	0.142	9.341E-2
12.033	-0.239	-8.191E-2	0.143	9.668E-2
12.050	-0.240	-7.957E-2	0.145	0.103
12.067	-0.241	-8.218E-2	0.147	0.104
12.083	-0.243	-7.833E-2	0.149	0.104
12.100	-0.244	-7.407E-2	0.150	0.103
12.117	-0.245	-7.166E-2	0.152	0.106
12.133	-0.246	-7.028E-2	0.154	0.108
12.150	-0.247	-6.997E-2	0.156	0.107
12.167	-0.249	-6.136E-2	0.157	0.104
12.183	-0.249	-6.261E-2	0.159	0.109
12.200	-0.251	-6.152E-2	0.161	0.117
12.217	-0.252	-5.224E-2	0.163	0.115
12.233	-0.252	-4.824E-2	0.165	0.112
12.250	-0.253	-4.648E-2	0.167	0.111
12.267	-0.254	-4.344E-2	0.169	0.115
12.283	-0.255	-3.552E-2	0.171	0.113
12.300	-0.255	-3.386E-2	0.172	0.110
12.317	-0.256	-2.821E-2	0.174	0.110
12.333	-0.256	-2.113E-2	0.176	0.107
12.350	-0.256	-2.338E-2	0.178	0.104
12.367	-0.257	-1.513E-2	0.179	0.104
12.383	-0.257	-6.357E-3	0.181	0.103
12.400	-0.257	-8.725E-3	0.183	9.969E-2
12.417	-0.257	-1.746E-3	0.185	0.101
12.433	-0.257	3.755E-3	0.186	9.510E-2
12.450	-0.257	6.838E-3	0.188	9.327E-2
12.467	-0.257	1.130E-2	0.189	8.935E-2
12.483	-0.257	1.195E-2	0.191	8.277E-2
12.500	-0.256	2.497E-2	0.192	8.128E-2
12.517	-0.256	3.126E-2	0.193	8.012E-2
12.533	-0.255	3.019E-2	0.195	7.457E-2
12.550	-0.255	3.704E-2	0.196	6.753E-2
12.567	-0.254	4.193E-2	0.197	6.602E-2
12.583	-0.253	4.694E-2	0.198	5.970E-2
12.600	-0.253	5.657E-2	0.199	5.734E-2
12.617	-0.252	6.014E-2	0.200	5.286E-2
12.633	-0.251	6.170E-2	0.201	4.186E-2
12.650	-0.250	6.602E-2	0.201	3.889E-2
12.667	-0.248	6.977E-2	0.202	3.980E-2
12.683	-0.247	7.561E-2	0.203	3.666E-2
12.700	-0.246	7.704E-2	0.203	3.190E-2
12.717	-0.245	8.142E-2	0.204	2.717E-2
12.733	-0.243	8.648E-2	0.204	1.980E-2
12.750	-0.242	8.953E-2	0.204	1.579E-2
12.767	-0.240	9.621E-2	0.205	1.128E-2
12.783	-0.239	0.101	0.205	5.446E-3
12.800	-0.237	0.104	0.205	-1.533E-3
12.817	-0.235	0.106	0.205	-7.573E-3
12.833	-0.233	0.107	0.205	-1.024E-2
12.850	-0.231	0.112	0.204	-1.189E-2
12.867	-0.230	0.114	0.204	-1.425E-2
12.883	-0.228	0.112	0.204	-1.825E-2
12.900	-0.226	0.114	0.204	-2.404E-2
12.917	-0.224	0.111	0.203	-3.294E-2
12.933	-0.222	0.111	0.203	-3.813E-2
12.950	-0.220	0.119	0.202	-4.101E-2
12.967	-0.218	0.120	0.201	-4.064E-2
12.983	-0.216	0.116	0.201	-4.253E-2
13.000	-0.214	0.118	0.200	-4.731E-2
13.017	-0.212	0.121	0.199	-4.996E-2
13.033	-0.210	0.115	0.198	-5.539E-2
13.050	-0.208	0.115	0.197	-5.865E-2
13.067	-0.206	0.118	0.196	-5.681E-2
13.083	-0.204	0.119	0.195	-5.828E-2
13.100	-0.202	0.120	0.194	-6.393E-2
13.117	-0.200	0.114	0.193	-6.899E-2
13.133	-0.199	0.106	0.192	-7.072E-2
13.150	-0.197	0.105	0.191	-7.108E-2
13.167	-0.195	0.109	0.190	-7.248E-2
13.183	-0.193	0.110	0.188	-7.635E-2
13.200	-0.192	9.889E-2	0.187	-7.876E-2
13.217	-0.190	9.477E-2	0.186	-7.280E-2
13.233	-0.188	9.815E-2	0.185	-6.970E-2
13.250	-0.187	8.931E-2	0.183	-7.959E-2
13.267	-0.185	8.500E-2	0.182	-7.981E-2
13.283	-0.184	8.585E-2	0.181	-7.819E-2
13.300	-0.183	7.391E-2	0.179	-7.865E-2
13.317	-0.181	6.505E-2	0.178	-7.456E-2
13.333	-0.180	6.718E-2	0.177	-7.589E-2
13.350	-0.179	6.563E-2	0.176	-7.971E-2
13.367	-0.178	6.024E-2	0.174	-7.893E-2
13.383	-0.177	5.758E-2	0.173	-7.696E-2
13.400	-0.176	5.114E-2	0.172	-7.211E-2
13.417	-0.175	4.053E-2	0.171	-6.842E-2
13.433	-0.175	3.480E-2	0.169	-7.279E-2
13.450	-0.174	2.961E-2	0.168	-7.150E-2
13.467	-0.174	2.339E-2	0.167	-6.756E-2
13.483	-0.174	2.074E-2	0.166	-6.600E-2
13.500	-0.173	1.704E-2	0.165	-6.625E-2
13.517	-0.173	8.978E-3	0.164	-6.312E-2
13.533	-0.173	3.560E-3	0.163	-5.940E-2
13.550	-0.173	1.126E-3	0.162	-5.481E-2
13.567	-0.173	-7.045E-3	0.161	-5.741E-2
13.583	-0.173	-1.900E-2	0.160	-5.967E-2
13.600	-0.173	-2.368E-2	0.159	-4.871E-2
13.617	-0.174	-2.536E-2	0.158	-4.358E-2
13.633	-0.174	-3.894E-2	0.157	-4.654E-2
13.650	-0.175	-4.347E-2	0.157	-4.113E-2
13.667	-0.176	-4.602E-2	0.156	-3.437E-2
13.683	-0.177	-5.042E-2	0.155	-3.524E-2
13.700	-0.177	-5.531E-2	0.155	-3.324E-2
13.717	-0.179	-6.475E-2	0.154	-2.774E-2
13.733	-0.180	-7.019E-2	0.154	-2.426E-2
13.750	-0.181	-7.864E-2	0.153	-2.306E-2
13.767	-0.182	-7.842E-2	0.153	-1.993E-2
13.783	-0.184	-8.222E-2	0.153	-1.332E-2
13.800	-0.185	-8.788E-2	0.153	-7.780E-3
13.817	-0.186	-9.188E-2	0.153	-8.553E-3
13.833	-0.188	-9.822E-2	0.152	-5.516E-3
13.850	-0.190	-9.998E-2	0.152	1.975E-3
13.867	-0.191	-0.104	0.152	3.863E-3
13.883	-0.193	-0.110	0.153	8.347E-3
13.900	-0.195	-0.114	0.153	6.946E-3
13.917	-0.197	-0.118	0.153	5.449E-3
13.933	-0.199	-0.118	0.153	1.517E-2
13.950	-0.201	-0.121	0.153	1.767E-2
13.967	-0.203	-0.130	0.154	1.813E-2
13.983	-0.205	-0.132	0.154	1.960E-2
14.000	-0.207	-0.131	0.154	2.579E-2
14.017	-0.210	-0.132	0.155	2.990E-2
14.033	-0.212	-0.134	0.155	2.808E-2
14.050	-0.214	-0.137	0.156	2.859E-2
14.067	-0.216	-0.140	0.156	3.322E-2
14.083	-0.219	-0.144	0.157	3.686E-2
14.100	-0.221	-0.140	0.157	3.584E-2
14.117	-0.223	-0.135	0.158	3.567E-2
14.133	-0.226	-0.138	0.159	3.750E-2
14.150	-0.228	-0.135	0.159	4.355E-2
14.167	-0.230	-0.137	0.160	4.800E-2
14.183	-0.233	-0.143	0.161	4.570E-2
14.200	-0.235	-0.137	0.162	4.095E-2
14.217	-0.237	-0.134	0.162	4.255E-2
14.233	-0.239	-0.131	0.163	4.467E-2
14.250	-0.242	-0.126	0.164	5.046E-2
14.267	-0.244	-0.127	0.165	5.022E-2
14.283	-0.246	-0.125	0.165	4.573E-2
14.300	-0.248	-0.121	0.166	4.838E-2
14.317	-0.250	-0.117	0.167	4.965E-2
14.333	-0.252	-0.111	0.168	4.664E-2
14.350	-0.253	-0.110	0.169	4.194E-2
14.367	-0.255	-0.112	0.169	4.447E-2
14.383	-0.257	-0.109	0.170	4.336E-2
14.400	-0.259	-9.582E-2	0.171	4.257E-2
14.417	-0.260	-8.799E-2	0.171	4.268E-2
14.433	-0.262	-8.957E-2	0.172	3.976E-2
14.450	-0.263	-8.045E-2	0.173	3.348E-2
14.467	-0.265	-7.336E-2	0.173	3.534E-2
14.483	-0.266	-7.511E-2	0.174	3.827E-2
14.500	-0.267	-6.937E-2	0.174	3.336E-2
14.517	-0.268	-6.227E-2	0.175	3.135E-2
14.533	-0.269	-5.507E-2	0.175	2.656E-2
14.550	-0.270	-5.072E-2	0.176	2.846E-2
14.567	-0.271	-4.093E-2	0.176	3.056E-2
14.583	-0.271	-2.950E-2	0.177	2.746E-2
14.600	-0.272	-3.320E-2	0.177	2.210E-2
14.617	-0.272	-2.747E-2	0.178	2.080E-2
14.633	-0.273	-1.243E-2	0.178	2.234E-2
14.650	-0.273	-1.073E-2	0.178	1.676E-2
14.667	-0.273	-5.900E-3	0.179	1.288E-2
14.683	-0.273	1.573E-3	0.179	1.047E-2
14.700	-0.273	8.788E-3	0.179	7.269E-3
14.717	-0.273	1.843E-2	0.179	5.851E-3
14.733	-0.272	2.690E-2	0.179	4.710E-3
14.750	-0.272	2.793E-2	0.179	1.800E-3
14.767	-0.271	3.370E-2	0.179	1.705E-3
14.783	-0.271	4.396E-2	0.179	1.571E-3
14.800	-0.270	5.060E-2	0.179	-3.132E-3
14.817	-0.269	5.845E-2	0.179	-8.182E-3
14.833	-0.268	6.501E-2	0.179	-1.360E-2
14.850	-0.267	6.740E-2	0.179	-1.331E-2
14.867	-0.266	7.235E-2	0.179	-1.498E-2
14.883	-0.265	8.401E-2	0.178	-1.786E-2
14.900	-0.263	8.553E-2	0.178	-2.108E-2
14.917	-0.262	8.796E-2	0.178	-2.356E-2
14.933	-0.260	9.406E-2	0.177	-2.031E-2
14.950	-0.259	9.684E-2	0.177	-2.133E-2
14.967	-0.257	0.107	0.176	-2.739E-2
14.983	-0.255	0.113	0.176	-3.102E-2
15.000	-0.253	0.114	0.175	-3.188E-2
15.017	-0.251	0.117	0.175	-3.282E-2
15.033	-0.249	0.119	0.174	-2.776E-2
15.050	-0.247	0.127	0.174	-3.020E-2
15.067	-0.245	0.128	0.173	-3.470E-2
15.083	-0.243	0.128	0.173	-3.452E-2
15.100	-0.241	0.134	0.172	-3.646E-2
15.117	-0.238	0.137	0.172	-3.588E-2
15.133	-0.236	0.137	0.171	-3.758E-2
15.150	-0.234	0.139	0.170	-3.777E-2
15.167	-0.232	0.145	0.170	-3.603E-2
15.183	-0.229	0.146	0.169	-3.621E-2
15.200	-0.227	0.145	0.169	-3.655E-2
15.217	-0.224	0.143	0.168	-3.315E-2
15.233	-0.222	0.143	0.167	-3.600E-2
15.250	-0.219	0.147	0.167	-3.538E-2
15.267	-0.217	0.141	0.166	-3.207E-2
15.283	-0.215	0.137	0.166	-3.390E-2
15.300	-0.212	0.142	0.165	-3.376E-2
15.317	-0.210	0.139	0.165	-3.534E-2
15.333	-0.208	0.135	0.164	-3.191E-2
15.350	-0.206	0.137	0.163	-2.921E-2
15.367	-0.203	0.135	0.163	-2.954E-2
15.383	-0.201	0.132	0.162	-2.965E-2
15.400	-0.199	0.125	0.162	-2.696E-2
15.417	-0.197	0.120	0.162	-2.396E-2
15.433	-0.195	0.122	0.161	-2.236E-2
15.450	-0.193	0.112	0.161	-1.818E-2
15.467	-0.191	0.109	0.161	-1.735E-2
15.483	-0.189	0.112	0.160	-1.679E-2
15.500	-0.187	0.108	0.160	-1.704E-2
15.517	-0.186	0.104	0.160	-7.461E-3
15.533	-0.184	9.959E-2	0.160	4.627E-4
15.550	-0.182	9.184E-2	0.160	-5.454E-3
15.567	-0.181	8.397E-2	0.160	-5.472E-3
15.583	-0.179	8.004E-2	0.160	-3.350E-3
15.600	-0.178	7.488E-2	0.159	2.892E-3
15.617	-0.177	7.040E-2	0.160	1.536E-3
15.633	-0.176	6.547E-2	0.160	1.654E-3
15.650	-0.175	6.010E-2	0.160	1.378E-2
15.667	-0.174	5.389E-2	0.160	1.239E-2
15.683	-0.173	4.797E-2	0.160	1.431E-2
15.700	-0.172	4.117E-2	0.160	2.002E-2
15.717	-0.172	3.252E-2	0.161	1.841E-2
15.733	-0.171	2.375E-2	0.161	2.172E-2
15.750	-0.171	2.039E-2	0.161	2.972E-2
15.767	-0.170	1.936E-2	0.162	2.984E-2
15.783	-0.170	9.613E-3	0.162	2.842E-2
15.800	-0.170	2.271E-3	0.163	3.476E-2
15.817	-0.170	-1.735E-4	0.164	3.501E-2
15.833	-0.170	-4.246E-3	0.164	3.977E-2
15.850	-0.170	-1.466E-2	0.165	4.255E-2
15.867	-0.171	-2.456E-2	0.166	3.960E-2
15.883	-0.171	-2.774E-2	0.166	4.469E-2
15.900	-0.172	-3.783E-2	0.167	4.845E-2
15.917	-0.172	-4.270E-2	0.168	4.723E-2
15.933	-0.173	-4.405E-2	0.169	5.369E-2
15.950	-0.174	-4.908E-2	0.170	5.578E-2
15.967	-0.175	-5.640E-2	0.170	5.396E-2
15.983	-0.176	-6.285E-2	0.171	6.001E-2
16.000	-0.177	-6.391E-2	0.172	5.817E-2
16.017	-0.178	-7.295E-2	0.173	5.766E-2
16.033	-0.179	-7.575E-2	0.174	5.857E-2
16.050	-0.180	-7.804E-2	0.175	5.900E-2
16.067	-0.182	-9.103E-2	0.176	6.348E-2
16.083	-0.183	-9.535E-2	0.177	6.085E-2
16.100	-0.185	-9.627E-2	0.178	6.074E-2
16.117	-0.187	-9.935E-2	0.179	6.078E-2
16.133	-0.188	-0.101	0.180	5.851E-2
16.150	-0.190	-0.110	0.181	5.791E-2
16.167	-0.192	-0.115	0.182	5.834E-2
16.183	-0.194	-0.115	0.183	5.825E-2
16.200	-0.196	-0.117	0.184	5.478E-2
16.217	-0.198	-0.118	0.185	5.671E-2
16.233	-0.200	-0.118	0.186	5.700E-2
16.250	-0.202	-0.121	0.187	5.511E-2
16.267	-0.204	-0.125	0.188	5.668E-2
16.283	-0.206	-0.127	0.189	5.184E-2
16.300	-0.208	-0.127	0.190	4.738E-2
16.317	-0.210	-0.129	0.191	5.024E-2
16.333	-0.212	-0.132	0.191	4.572E-2
16.350	-0.214	-0.129	0.192	4.215E-2
16.367	-0.217	-0.128	0.193	4.186E-2
16.383	-0.219	-0.131	0.194	4.052E-2
16.400	-0.221	-0.128	0.194	3.626E-2
16.417	-0.223	-0.126	0.195	3.407E-2
16.433	-0.225	-0.129	0.195	3.247E-2
16.450	-0.227	-0.125	0.196	2.541E-2
16.467	-0.229	-0.122	0.196	2.150E-2
16.483	-0.231	-0.121	0.197	1.980E-2
16.500	-0.233	-0.117	0.197	1.754E-2
16.517	-0.235	-0.118	0.197	1.776E-2
16.533	-0.237	-0.116	0.197	9.781E-3
16.550	-0.239	-0.108	0.197	9.441E-4
16.567	-0.241	-0.105	0.197	-1.586E-3
16.583	-0.243	-0.104	0.197	-2.956E-3
16.600	-0.244	-9.889E-2	0.197	-4.242E-3
16.617	-0.246	-9.390E-2	0.197	-1.168E-2
16.633	-0.247	-8.950E-2	0.197	-1.544E-2
16.650	-0.249	-8.443E-2	0.197	-1.598E-2
16.667	-0.250	-8.552E-2	0.196	-1.651E-2
16.683	-0.252	-8.378E-2	0.196	-2.307E-2
16.700	-0.253	-7.723E-2	0.196	-3.293E-2
16.717	-0.254	-6.851E-2	0.195	-3.649E-2
16.733	-0.255	-6.661E-2	0.194	-4.170E-2
16.750	-0.256	-6.383E-2	0.194	-4.064E-2
16.767	-0.257	-5.783E-2	0.193	-3.969E-2
16.783	-0.258	-5.312E-2	0.192	-4.957E-2
16.800	-0.259	-4.504E-2	0.191	-5.092E-2
16.817	-0.260	-4.219E-2	0.191	-5.130E-2
16.833	-0.261	-3.520E-2	0.190	-5.997E-2
16.850	-0.261	-2.645E-2	0.189	-6.644E-2
16.867	-0.261	-1.979E-2	0.188	-6.377E-2
16.883	-0.262	-1.675E-2	0.187	-6.403E-2
16.900	-0.262	-1.321E-2	0.185	-7.185E-2
16.917	-0.262	-8.412E-3	0.184	-7.454E-2
16.933	-0.262	-3.524E-3	0.183	-7.691E-2
16.950	-0.262	3.401E-3	0.182	-7.746E-2
16.967	-0.262	9.303E-3	0.180	-8.086E-2
16.983	-0.262	1.400E-2	0.179	-8.921E-2
17.000	-0.262	1.837E-2	0.177	-8.666E-2
17.017	-0.261	2.660E-2	0.176	-8.903E-2
17.033	-0.261	3.568E-2	0.174	-9.483E-2
17.050	-0.260	3.855E-2	0.173	-9.084E-2
17.067	-0.260	3.973E-2	0.171	-9.128E-2
17.083	-0.259	4.695E-2	0.170	-9.074E-2
17.100	-0.258	5.066E-2	0.168	-9.065E-2
17.117	-0.257	5.336E-2	0.167	-9.192E-2
17.133	-0.256	5.852E-2	0.165	-9.252E-2
17.150	-0.255	6.189E-2	0.164	-9.501E-2
17.167	-0.254	6.570E-2	0.162	-9.415E-2
17.183	-0.253	6.918E-2	0.161	-9.423E-2
17.200	-0.252	7.449E-2	0.159	-9.743E-2
17.217	-0.251	7.638E-2	0.157	-9.281E-2
17.233	-0.249	8.058E-2	0.156	-9.082E-2
17.250	-0.248	8.241E-2	0.154	-9.321E-2
17.267	-0.247	8.562E-2	0.153	-9.196E-2
17.283	-0.245	9.039E-2	0.151	-9.020E-2
17.300	-0.244	9.042E-2	0.150	-8.690E-2
17.317	-0.242	9.074E-2	0.148	-8.499E-2
17.333	-0.241	9.347E-2	0.147	-7.855E-2
17.350	-0.239	9.830E-2	0.146	-8.028E-2
17.367	-0.237	9.824E-2	0.144	-7.868E-2
17.383	-0.236	9.806E-2	0.143	-7.074E-2
17.400	-0.234	9.834E-2	0.142	-7.107E-2
17.417	-0.232	0.101	0.141	-6.767E-2
17.433	-0.231	0.102	0.140	-6.321E-2
17.450	-0.229	0.105	0.139	-5.998E-2
17.467	-0.227	0.107	0.138	-5.504E-2
17.483	-0.225	0.102	0.137	-4.803E-2
17.500	-0.224	0.102	0.136	-4.391E-2
17.517	-0.222	0.101	0.135	-4.728E-2
17.533	-0.220	9.548E-2	0.134	-3.960E-2
17.550	-0.219	9.545E-2	0.134	-3.203E-2
17.567	-0.217	9.923E-2	0.133	-2.828E-2
17.583	-0.215	9.951E-2	0.133	-2.145E-2
17.600	-0.214	9.378E-2	0.133	-1.944E-2
17.617	-0.212	8.652E-2	0.132	-1.824E-2
17.633	-0.211	8.431E-2	0.132	-1.267E-2
17.650	-0.210	8.618E-2	0.132	-2.931E-3
17.667	-0.208	8.323E-2	0.132	1.964E-3
17.683	-0.207	8.191E-2	0.132	4.402E-3
17.700	-0.205	7.759E-2	0.132	1.027E-2
17.717	-0.204	7.505E-2	0.132	1.677E-2
17.733	-0.203	7.346E-2	0.133	2.106E-2
17.750	-0.202	6.564E-2	0.133	2.719E-2
17.767	-0.201	6.395E-2	0.134	3.268E-2
17.783	-0.200	6.115E-2	0.134	3.217E-2
17.800	-0.199	5.760E-2	0.135	3.662E-2
17.817	-0.198	4.965E-2	0.135	4.431E-2
17.833	-0.197	4.758E-2	0.136	5.155E-2
17.850	-0.196	5.078E-2	0.137	5.514E-2
17.867	-0.195	4.119E-2	0.138	5.998E-2
17.883	-0.195	3.448E-2	0.139	6.772E-2
17.900	-0.194	3.221E-2	0.140	7.178E-2
17.917	-0.194	3.266E-2	0.141	8.025E-2
17.933	-0.193	2.879E-2	0.143	7.979E-2
17.950	-0.193	2.214E-2	0.144	7.832E-2
17.967	-0.192	1.696E-2	0.146	8.705E-2
17.983	-0.192	1.214E-2	0.147	9.260E-2
18.000	-0.192	1.373E-2	0.149	9.507E-2
18.017	-0.192	7.914E-3	0.150	0.103
18.033	-0.192	-2.532E-3	0.152	0.106
18.050	-0.192	-5.003E-3	0.154	0.105
18.067	-0.192	-4.220E-3	0.156	0.110
18.083	-0.192	-7.893E-3	0.157	0.109
18.100	-0.192	-1.223E-2	0.159	0.115
18.117	-0.192	-1.861E-2	0.161	0.117
18.133	-0.193	-2.127E-2	0.163	0.113
18.150	-0.193	-2.495E-2	0.165	0.118
18.167	-0.194	-3.196E-2	0.167	0.121
18.183	-0.194	-3.312E-2	0.169	0.119
18.200	-0.195	-3.818E-2	0.171	0.118
18.217	-0.195	-4.071E-2	0.173	0.122
18.233	-0.196	-4.191E-2	0.175	0.121
18.250	-0.197	-4.410E-2	0.177	0.124
18.267	-0.197	-4.202E-2	0.179	0.125
18.283	-0.198	-4.705E-2	0.181	0.122
18.300	-0.199	-5.195E-2	0.183	0.119
18.317	-0.200	-5.596E-2	0.185	0.119
18.333	-0.201	-5.760E-2	0.187	0.120
18.350	-0.202	-5.753E-2	0.189	0.117
18.367	-0.203	-5.672E-2	0.191	0.114
18.383	-0.204	-5.733E-2	0.193	0.113
18.400	-0.205	-6.549E-2	0.195	0.114
18.417	-0.206	-6.127E-2	0.197	0.112
18.433	-0.207	-6.144E-2	0.199	0.101
18.450	-0.208	-6.672E-2	0.200	9.847E-2
18.467	-0.209	-6.402E-2	0.202	0.101
18.483	-0.210	-6.588E-2	0.203	9.900E-2
18.500	-0.211	-6.770E-2	0.205	9.778E-2
18.517	-0.212	-6.793E-2	0.207	9.116E-2
18.533	-0.213	-6.510E-2	0.208	8.493E-2
18.550	-0.214	-6.654E-2	0.210	7.653E-2
18.567	-0.216	-6.370E-2	0.211	7.308E-2
18.583	-0.217	-6.172E-2	0.212	7.283E-2
18.600	-0.218	-6.514E-2	0.213	6.369E-2
18.617	-0.219	-6.443E-2	0.214	6.245E-2
18.633	-0.220	-6.234E-2	0.215	6.008E-2
18.650	-0.221	-6.201E-2	0.216	4.639E-2
18.667	-0.222	-5.946E-2	0.217	4.083E-2
18.683	-0.223	-5.414E-2	0.218	3.592E-2
18.700	-0.224	-5.702E-2	0.218	3.000E-2
18.717	-0.225	-5.462E-2	0.219	2.334E-2
18.733	-0.226	-4.928E-2	0.219	2.139E-2
18.750	-0.226	-5.249E-2	0.219	1.931E-2
18.767	-0.227	-4.843E-2	0.219	6.718E-3
18.783	-0.228	-4.074E-2	0.219	3.133E-3
18.800	-0.229	-4.386E-2	0.220	2.125E-3
18.817	-0.229	-4.187E-2	0.220	-8.358E-3
18.833	-0.230	-3.735E-2	0.219	-1.880E-2
18.850	-0.231	-3.594E-2	0.219	-1.946E-2
18.867	-0.231	-3.066E-2	0.219	-2.567E-2
18.883	-0.232	-2.719E-2	0.218	-3.572E-2
18.900	-0.232	-3.107E-2	0.217	-4.280E-2
18.917	-0.233	-3.135E-2	0.217	-4.712E-2
18.933	-0.233	-1.985E-2	0.216	-4.770E-2
18.950	-0.233	-1.537E-2	0.215	-5.768E-2
18.967	-0.234	-1.709E-2	0.214	-6.475E-2
18.983	-0.234	-1.348E-2	0.213	-6.950E-2
19.000	-0.234	-9.111E-3	0.212	-7.711E-2
19.017	-0.234	-2.897E-3	0.210	-8.069E-2
19.033	-0.234	-1.865E-3	0.209	-8.381E-2
19.050	-0.234	8.815E-4	0.207	-8.878E-2
19.067	-0.234	2.260E-3	0.206	-9.482E-2
19.083	-0.234	2.162E-3	0.204	-9.499E-2
19.100	-0.234	6.511E-3	0.203	-0.101
19.117	-0.234	1.083E-2	0.201	-0.113
19.133	-0.234	1.169E-2	0.199	-0.112
19.150	-0.234	1.109E-2	0.197	-0.114
19.167	-0.233	1.557E-2	0.195	-0.120
19.183	-0.233	1.980E-2	0.193	-0.119
19.200	-0.233	1.764E-2	0.191	-0.120
19.217	-0.233	2.317E-2	0.189	-0.126
19.233	-0.232	2.595E-2	0.187	-0.131
19.250	-0.232	2.539E-2	0.185	-0.131
19.267	-0.231	3.183E-2	0.183	-0.135
19.283	-0.231	3.085E-2	0.180	-0.136
19.300	-0.230	3.086E-2	0.178	-0.135
19.317	-0.230	2.679E-2	0.176	-0.135
19.333	-0.229	3.095E-2	0.174	-0.136
19.350	-0.229	3.605E-2	0.171	-0.140
19.367	-0.228	3.481E-2	0.169	-0.139
19.383	-0.227	3.638E-2	0.167	-0.136
19.400	-0.227	3.406E-2	0.164	-0.138
19.417	-0.226	3.600E-2	0.162	-0.137
19.433	-0.226	4.104E-2	0.160	-0.132
19.450	-0.225	3.552E-2	0.158	-0.130
19.467	-0.224	3.610E-2	0.156	-0.134
19.483	-0.224	3.767E-2	0.153	-0.131
19.500	-0.223	3.258E-2	0.151	-0.125
19.517	-0.223	3.328E-2	0.149	-0.125
19.533	-0.222	3.895E-2	0.147	-0.123
19.550	-0.221	4.049E-2	0.145	-0.121
19.567	-0.221	3.748E-2	0.143	-0.117
19.583	-0.220	3.823E-2	0.141	-0.110
19.600	-0.219	3.583E-2	0.139	-0.107
19.617	-0.219	3.390E-2	0.138	-0.104
19.633	-0.218	3.610E-2	0.136	-9.922E-2
19.650	-0.218	3.401E-2	0.134	-9.316E-2
19.667	-0.217	2.786E-2	0.133	-8.856E-2
19.683	-0.217	2.825E-2	0.131	-8.662E-2
19.700	-0.216	2.781E-2	0.130	-8.008E-2
19.717	-0.216	2.221E-2	0.129	-7.259E-2
19.733	-0.216	2.031E-2	0.127	-6.747E-2
19.750	-0.215	1.960E-2	0.126	-6.291E-2
19.767	-0.215	1.889E-2	0.125	-5.702E-2
19.783	-0.215	1.731E-2	0.124	-5.215E-2
19.800	-0.214	1.726E-2	0.124	-4.948E-2
19.817	-0.214	1.031E-2	0.123	-4.151E-2
19.833	-0.214	6.411E-3	0.122	-3.515E-2
19.850	-0.214	8.375E-3	0.122	-2.572E-2
19.867	-0.214	8.295E-3	0.121	-2.393E-2
19.883	-0.213	4.843E-3	0.121	-1.773E-2
19.900	-0.214	2.304E-4	0.121	-6.592E-3
19.917	-0.213	2.178E-4	0.121	-7.810E-3
19.933	-0.213	-4.506E-3	0.120	1.335E-3
19.950	-0.214	-6.425E-3	0.121	1.169E-2
19.967	-0.214	-8.204E-3	0.121	1.737E-2
19.983	-0.214	-1.321E-2	0.121	2.532E-2
20.000	-0.214	-1.084E-2	0.122	2.903E-2
20.017	-0.214	-1.239E-2	0.122	3.185E-2
20.033	-0.215	-1.768E-2	0.123	4.158E-2
20.050	-0.215	-1.864E-2	0.124	4.792E-2
20.067	-0.215	-2.427E-2	0.124	5.011E-2
20.083	-0.216	-2.172E-2	0.125	5.910E-2
20.100	-0.216	-2.422E-2	0.126	6.730E-2
20.117	-0.216	-3.088E-2	0.127	6.951E-2
20.133	-0.217	-3.086E-2	0.129	7.298E-2
20.150	-0.217	-3.275E-2	0.130	7.964E-2
20.167	-0.218	-2.973E-2	0.131	8.345E-2
20.183	-0.218	-2.918E-2	0.133	8.973E-2
20.200	-0.219	-3.384E-2	0.134	9.498E-2
20.217	-0.220	-3.472E-2	0.136	9.779E-2
20.233	-0.220	-3.536E-2	0.138	0.103
20.250	-0.221	-3.467E-2	0.139	0.108
20.267	-0.221	-3.532E-2	0.141	0.111
20.283	-0.222	-4.558E-2	0.143	0.110
20.300	-0.223	-4.209E-2	0.145	0.117
20.317	-0.223	-3.358E-2	0.147	0.122
20.333	-0.224	-3.575E-2	0.149	0.124
20.350	-0.225	-3.626E-2	0.151	0.124
20.367	-0.225	-4.047E-2	0.153	0.128
20.383	-0.226	-4.268E-2	0.155	0.131
20.400	-0.227	-3.935E-2	0.157	0.135
20.417	-0.227	-3.966E-2	0.160	0.139
20.433	-0.228	-4.281E-2	0.162	0.132
20.450	-0.229	-3.602E-2	0.164	0.131
20.467	-0.229	-3.278E-2	0.166	0.135
20.483	-0.230	-3.875E-2	0.169	0.136
20.500	-0.230	-3.854E-2	0.171	0.133
20.517	-0.231	-3.364E-2	0.173	0.134
20.533	-0.232	-2.860E-2	0.175	0.135
20.550	-0.232	-2.745E-2	0.178	0.133
20.567	-0.232	-2.996E-2	0.180	0.133
20.583	-0.233	-3.056E-2	0.182	0.129
20.600	-0.233	-2.285E-2	0.184	0.129
20.617	-0.234	-2.313E-2	0.186	0.128
20.633	-0.234	-2.172E-2	0.188	0.126
20.650	-0.234	-1.319E-2	0.191	0.124
20.667	-0.235	-1.379E-2	0.193	0.118
20.683	-0.235	-1.530E-2	0.194	0.114
20.700	-0.235	-1.407E-2	0.196	0.114
20.717	-0.235	-8.542E-3	0.198	0.110
20.733	-0.235	-7.507E-3	0.200	0.106
20.750	-0.236	-5.023E-3	0.202	0.102
20.767	-0.236	5.766E-4	0.203	9.699E-2
20.783	-0.236	-2.540E-4	0.205	9.436E-2
20.800	-0.236	5.211E-3	0.207	8.533E-2
20.817	-0.235	1.108E-2	0.208	7.989E-2
20.833	-0.235	9.371E-3	0.209	7.622E-2
20.850	-0.235	1.480E-2	0.210	7.209E-2
20.867	-0.235	1.692E-2	0.212	6.906E-2
20.883	-0.235	1.981E-2	0.213	6.134E-2
20.900	-0.234	2.275E-2	0.214	5.688E-2
20.917	-0.234	2.132E-2	0.215	5.067E-2
20.933	-0.233	2.714E-2	0.215	4.443E-2
20.950	-0.233	3.724E-2	0.216	3.776E-2
20.967	-0.232	4.102E-2	0.217	3.217E-2
20.983	-0.232	3.925E-2	0.217	2.668E-2
21.000	-0.231	4.014E-2	0.218	2.057E-2
21.017	-0.230	3.992E-2	0.218	1.502E-2
21.033	-0.230	4.038E-2	0.218	9.243E-3
21.050	-0.229	4.405E-2	0.218	3.357E-3
21.067	-0.228	4.915E-2	0.218	-3.118E-3
21.083	-0.227	4.913E-2	0.218	-7.899E-3
21.100	-0.226	5.206E-2	0.218	-1.429E-2
21.117	-0.225	5.470E-2	0.218	-1.953E-2
21.133	-0.225	5.546E-2	0.217	-2.315E-2
21.150	-0.224	5.695E-2	0.217	-3.119E-2
21.167	-0.223	6.046E-2	0.216	-4.260E-2
21.183	-0.222	6.426E-2	0.215	-4.670E-2
21.200	-0.221	6.412E-2	0.215	-4.649E-2
21.217	-0.219	6.193E-2	0.214	-5.747E-2
21.233	-0.218	6.575E-2	0.213	-5.997E-2
21.250	-0.217	7.114E-2	0.212	-5.751E-2
21.267	-0.216	6.848E-2	0.211	-6.832E-2
21.283	-0.215	7.053E-2	0.210	-7.289E-2
21.300	-0.214	7.105E-2	0.208	-7.620E-2
21.317	-0.213	6.948E-2	0.207	-8.200E-2
21.333	-0.211	7.009E-2	0.206	-8.673E-2
21.350	-0.210	6.901E-2	0.204	-9.272E-2
21.367	-0.209	6.697E-2	0.203	-9.552E-2
21.383	-0.208	6.557E-2	0.201	-9.904E-2
21.400	-0.207	6.322E-2	0.199	-0.101
21.417	-0.206	6.231E-2	0.198	-0.102
21.433	-0.205	6.818E-2	0.196	-0.103
21.450	-0.204	6.947E-2	0.194	-0.107
21.467	-0.203	6.281E-2	0.192	-0.108
21.483	-0.202	5.812E-2	0.191	-0.110
21.500	-0.201	5.899E-2	0.189	-0.113
21.517	-0.200	5.748E-2	0.187	-0.114
21.533	-0.199	5.157E-2	0.185	-0.118
21.550	-0.198	4.787E-2	0.183	-0.117
21.567	-0.197	4.909E-2	0.181	-0.119
21.583	-0.196	4.649E-2	0.179	-0.120
21.600	-0.196	4.139E-2	0.177	-0.117
21.617	-0.195	4.322E-2	0.175	-0.118
21.633	-0.194	4.187E-2	0.173	-0.118
21.650	-0.193	3.730E-2	0.171	-0.116
21.667	-0.193	3.107E-2	0.169	-0.119
21.683	-0.192	2.743E-2	0.167	-0.116
21.700	-0.192	2.116E-2	0.165	-0.111
21.717	-0.192	1.749E-2	0.163	-0.109
21.733	-0.191	1.543E-2	0.162	-0.108
21.750	-0.191	1.363E-2	0.160	-0.106
21.767	-0.191	1.201E-2	0.158	-9.907E-2
21.783	-0.191	2.320E-3	0.156	-9.992E-2
21.800	-0.191	-2.161E-3	0.155	-0.101
21.817	-0.191	-6.332E-3	0.153	-9.712E-2
21.833	-0.191	-1.024E-2	0.151	-9.689E-2
21.850	-0.191	-1.145E-2	0.150	-9.188E-2
21.867	-0.191	-1.308E-2	0.148	-8.449E-2
21.883	-0.192	-2.152E-2	0.147	-8.313E-2
21.900	-0.192	-2.528E-2	0.146	-7.496E-2
21.917	-0.193	-2.848E-2	0.145	-7.285E-2
21.933	-0.193	-3.547E-2	0.143	-7.586E-2
21.950	-0.194	-3.810E-2	0.142	-6.667E-2
21.967	-0.194	-4.395E-2	0.141	-6.004E-2
21.983	-0.195	-4.639E-2	0.140	-5.763E-2
22.000	-0.196	-4.625E-2	0.139	-5.424E-2
22.017	-0.197	-5.253E-2	0.138	-4.779E-2
22.033	-0.198	-5.861E-2	0.137	-4.089E-2
22.050	-0.199	-6.008E-2	0.137	-4.070E-2
22.067	-0.200	-6.111E-2	0.136	-3.634E-2
22.083	-0.201	-6.375E-2	0.136	-3.085E-2
22.100	-0.202	-7.213E-2	0.135	-2.217E-2
22.117	-0.203	-7.224E-2	0.135	-1.724E-2
22.133	-0.204	-6.837E-2	0.135	-1.513E-2
22.150	-0.205	-7.712E-2	0.134	-6.751E-3
22.167	-0.207	-8.550E-2	0.134	-4.097E-3
22.183	-0.208	-8.521E-2	0.134	-1.891E-3
22.200	-0.210	-8.406E-2	0.134	4.440E-3
22.217	-0.211	-9.101E-2	0.134	7.455E-3
22.233	-0.213	-9.567E-2	0.134	9.806E-3
22.250	-0.214	-9.578E-2	0.135	1.703E-2
22.267	-0.216	-9.466E-2	0.135	2.473E-2
22.283	-0.217	-9.796E-2	0.136	2.822E-2
22.300	-0.219	-0.104	0.136	3.177E-2
22.317	-0.221	-0.100	0.137	3.612E-2
22.333	-0.222	-9.927E-2	0.137	4.189E-2
22.350	-0.224	-0.100	0.138	4.864E-2
22.367	-0.226	-9.799E-2	0.139	4.925E-2
22.383	-0.227	-0.101	0.140	4.992E-2
22.400	-0.229	-0.107	0.140	5.779E-2
22.417	-0.231	-0.104	0.142	6.253E-2
22.433	-0.233	-0.102	0.143	6.195E-2
22.450	-0.234	-9.826E-2	0.144	6.602E-2
22.467	-0.236	-9.464E-2	0.145	6.938E-2
22.483	-0.238	-9.953E-2	0.146	7.068E-2
22.500	-0.239	-0.101	0.147	7.466E-2
22.517	-0.241	-9.669E-2	0.148	7.393E-2
22.533	-0.242	-8.971E-2	0.150	7.958E-2
22.550	-0.244	-8.712E-2	0.151	8.303E-2
22.567	-0.245	-9.186E-2	0.152	8.138E-2
22.583	-0.247	-8.775E-2	0.154	8.510E-2
22.600	-0.248	-8.385E-2	0.155	8.779E-2
22.617	-0.250	-7.835E-2	0.157	8.809E-2
22.633	-0.251	-7.379E-2	0.158	8.468E-2
22.650	-0.252	-7.165E-2	0.160	8.459E-2
22.667	-0.253	-6.503E-2	0.161	8.899E-2
22.683	-0.254	-6.416E-2	0.163	9.086E-2
22.700	-0.255	-5.943E-2	0.164	8.691E-2
22.717	-0.256	-5.297E-2	0.165	9.047E-2
22.733	-0.257	-4.982E-2	0.167	9.076E-2
22.750	-0.258	-4.511E-2	0.168	8.951E-2
22.767	-0.259	-4.250E-2	0.170	8.719E-2
22.783	-0.259	-4.070E-2	0.171	8.253E-2
22.800	-0.260	-3.804E-2	0.173	8.241E-2
22.817	-0.261	-3.510E-2	0.174	8.350E-2
22.833	-0.261	-2.277E-2	0.176	8.328E-2
22.850	-0.261	-1.479E-2	0.177	7.903E-2
22.867	-0.262	-1.809E-2	0.178	7.983E-2
22.883	-0.262	-1.022E-2	0.180	7.899E-2
22.900	-0.262	8.322E-4	0.181	7.368E-2
22.917	-0.262	3.137E-3	0.182	7.341E-2
22.933	-0.262	1.085E-2	0.183	6.665E-2
22.950	-0.262	1.839E-2	0.184	5.752E-2
22.967	-0.261	1.704E-2	0.185	6.051E-2
22.983	-0.261	2.072E-2	0.186	6.210E-2
23.000	-0.261	3.062E-2	0.187	5.635E-2
23.017	-0.260	3.346E-2	0.188	5.291E-2
23.033	-0.260	3.885E-2	0.189	5.176E-2
23.050	-0.259	4.934E-2	0.190	4.876E-2
23.067	-0.258	5.206E-2	0.191	4.308E-2
23.083	-0.257	5.454E-2	0.191	4.085E-2
23.100	-0.256	5.844E-2	0.192	3.792E-2
23.117	-0.255	6.416E-2	0.193	2.881E-2
23.133	-0.254	7.136E-2	0.193	2.540E-2
23.150	-0.253	7.556E-2	0.193	2.396E-2
23.167	-0.251	7.769E-2	0.194	1.980E-2
23.183	-0.250	8.198E-2	0.194	1.589E-2
23.200	-0.249	9.088E-2	0.194	1.550E-2
23.217	-0.247	9.226E-2	0.195	1.403E-2
23.233	-0.246	9.359E-2	0.195	8.083E-3
23.250	-0.244	0.102	0.195	2.054E-3
23.267	-0.242	0.107	0.195	-1.764E-3
23.283	-0.240	0.107	0.195	-2.783E-3
23.300	-0.239	0.109	0.195	-4.935E-3
23.317	-0.237	0.117	0.195	-9.661E-3
23.333	-0.235	0.115	0.194	-1.281E-2
23.350	-0.233	0.113	0.194	-1.658E-2
23.367	-0.231	0.122	0.194	-1.783E-2
23.383	-0.229	0.118	0.194	-2.336E-2
23.400	-0.227	0.120	0.193	-2.703E-2
23.417	-0.225	0.125	0.193	-2.632E-2
23.433	-0.223	0.120	0.192	-3.065E-2
23.450	-0.221	0.122	0.192	-3.475E-2
23.467	-0.219	0.127	0.191	-3.582E-2
23.483	-0.217	0.129	0.190	-3.732E-2
23.500	-0.215	0.128	0.190	-3.973E-2
23.517	-0.212	0.128	0.189	-4.018E-2
23.533	-0.210	0.126	0.188	-4.364E-2
23.550	-0.208	0.125	0.188	-4.758E-2
23.567	-0.206	0.124	0.187	-4.980E-2
23.583	-0.204	0.118	0.186	-4.888E-2
23.600	-0.202	0.121	0.185	-5.131E-2
23.617	-0.200	0.119	0.184	-5.137E-2
23.633	-0.198	0.113	0.183	-5.017E-2
23.650	-0.196	0.110	0.183	-5.411E-2
23.667	-0.195	0.106	0.182	-5.328E-2
23.683	-0.193	0.103	0.181	-5.335E-2
23.700	-0.191	0.101	0.180	-5.550E-2
23.717	-0.189	0.101	0.179	-5.762E-2
23.733	-0.188	9.585E-2	0.178	-5.646E-2
23.750	-0.186	9.035E-2	0.177	-5.499E-2
23.767	-0.185	8.912E-2	0.176	-5.631E-2
23.783	-0.183	8.642E-2	0.175	-5.149E-2
23.800	-0.182	8.053E-2	0.174	-4.965E-2
23.817	-0.181	7.479E-2	0.174	-5.215E-2
23.833	-0.179	6.763E-2	0.173	-5.190E-2
23.850	-0.178	6.558E-2	0.172	-5.295E-2
23.867	-0.177	6.377E-2	0.171	-4.936E-2
23.883	-0.176	5.115E-2	0.170	-4.562E-2
23.900	-0.175	4.651E-2	0.169	-4.769E-2
23.917	-0.175	4.373E-2	0.169	-4.599E-2
23.933	-0.174	3.741E-2	0.168	-4.001E-2
23.950	-0.173	3.130E-2	0.167	-4.042E-2
23.967	-0.173	2.612E-2	0.167	-4.405E-2
23.983	-0.172	2.234E-2	0.166	-3.871E-2
24.000	-0.172	1.475E-2	0.165	-3.384E-2
24.017	-0.172	4.170E-3	0.165	-3.087E-2
24.033	-0.172	-1.093E-3	0.164	-3.238E-2
24.050	-0.172	-4.378E-3	0.164	-3.308E-2
24.067	-0.172	-1.279E-2	0.163	-2.767E-2
24.083	-0.172	-1.881E-2	0.163	-2.301E-2
24.100	-0.173	-2.167E-2	0.162	-2.000E-2
24.117	-0.173	-2.782E-2	0.162	-1.922E-2
24.133	-0.174	-3.008E-2	0.162	-1.689E-2
24.150	-0.174	-3.808E-2	0.161	-1.389E-2
24.167	-0.175	-4.751E-2	0.161	-1.205E-2
24.183	-0.176	-5.211E-2	0.161	-6.188E-3
24.200	-0.177	-5.940E-2	0.161	-9.246E-4
24.217	-0.178	-6.402E-2	0.161	-1.385E-3
24.233	-0.179	-6.567E-2	0.161	-8.543E-4
24.250	-0.180	-6.723E-2	0.161	1.787E-3
24.267	-0.181	-8.357E-2	0.161	5.795E-3
24.283	-0.183	-9.066E-2	0.161	7.060E-3
24.300	-0.184	-8.517E-2	0.161	8.221E-3
24.317	-0.186	-9.276E-2	0.161	1.151E-2
24.333	-0.187	-9.947E-2	0.162	1.077E-2
24.350	-0.189	-0.101	0.162	1.625E-2
24.367	-0.191	-0.104	0.162	1.957E-2
24.383	-0.192	-0.108	0.162	1.813E-2
24.400	-0.194	-0.108	0.163	2.121E-2
24.417	-0.196	-0.115	0.163	2.413E-2
24.433	-0.198	-0.127	0.164	2.502E-2
24.450	-0.200	-0.122	0.164	2.696E-2
24.467	-0.202	-0.121	0.165	2.825E-2
24.483	-0.204	-0.127	0.165	2.561E-2
24.500	-0.206	-0.127	0.165	2.943E-2
24.517	-0.208	-0.134	0.166	3.331E-2
24.533	-0.211	-0.130	0.166	3.407E-2
24.550	-0.213	-0.133	0.167	3.522E-2
24.567	-0.215	-0.139	0.168	3.336E-2
24.583	-0.217	-0.134	0.168	3.447E-2
24.600	-0.220	-0.134	0.169	3.720E-2
24.617	-0.222	-0.135	0.169	3.647E-2
24.633	-0.224	-0.135	0.170	3.638E-2
24.650	-0.226	-0.133	0.171	3.619E-2
24.667	-0.229	-0.136	0.171	3.692E-2
24.683	-0.231	-0.137	0.172	3.523E-2
24.700	-0.233	-0.135	0.172	3.494E-2
24.717	-0.235	-0.128	0.173	3.657E-2
24.733	-0.237	-0.126	0.174	3.529E-2
24.750	-0.240	-0.129	0.174	3.450E-2
24.767	-0.242	-0.120	0.175	3.236E-2
24.783	-0.244	-0.119	0.175	3.212E-2
24.800	-0.246	-0.118	0.176	3.274E-2
24.817	-0.248	-0.113	0.176	2.649E-2
24.833	-0.249	-0.112	0.177	2.452E-2
24.850	-0.251	-0.105	0.177	2.473E-2
24.867	-0.253	-0.102	0.178	2.136E-2
24.883	-0.255	-0.101	0.178	2.034E-2
24.900	-0.256	-9.049E-2	0.178	2.150E-2
24.917	-0.258	-8.572E-2	0.179	1.782E-2
24.933	-0.259	-8.283E-2	0.179	1.449E-2
24.950	-0.260	-8.125E-2	0.179	1.113E-2
24.967	-0.262	-7.611E-2	0.179	1.142E-2
24.983	-0.263	-6.555E-2	0.179	1.446E-2
25.000	-0.264	-6.459E-2	0.180	7.322E-3
25.017	-0.265	-6.016E-2	0.180	3.304E-3
25.033	-0.266	-5.059E-2	0.180	3.127E-3
25.050	-0.267	-4.478E-2	0.180	-1.877E-3
25.067	-0.268	-4.317E-2	0.180	-3.750E-3
25.083	-0.268	-3.758E-2	0.180	-3.837E-3
25.100	-0.269	-2.702E-2	0.180	-7.922E-3
25.117	-0.269	-1.899E-2	0.179	-9.389E-3
25.133	-0.269	-1.060E-2	0.179	-7.432E-3
25.150	-0.270	-6.444E-3	0.179	-1.262E-2
25.167	-0.270	-7.025E-4	0.179	-1.669E-2
25.183	-0.270	5.885E-3	0.179	-1.648E-2
25.200	-0.269	7.397E-3	0.178	-1.767E-2
25.217	-0.269	1.689E-2	0.178	-2.297E-2
25.233	-0.269	2.355E-2	0.178	-2.704E-2
25.250	-0.269	2.797E-2	0.177	-2.532E-2
25.267	-0.268	3.848E-2	0.177	-2.708E-2
25.283	-0.267	4.233E-2	0.176	-3.053E-2
25.300	-0.267	4.445E-2	0.176	-3.140E-2
25.317	-0.266	5.073E-2	0.175	-2.851E-2
25.333	-0.265	5.656E-2	0.175	-3.303E-2
25.350	-0.264	6.544E-2	0.174	-4.154E-2
25.367	-0.263	7.196E-2	0.173	-3.837E-2
25.383	-0.261	7.647E-2	0.173	-3.527E-2
25.400	-0.260	7.836E-2	0.172	-4.052E-2
25.417	-0.259	8.285E-2	0.171	-4.308E-2
25.433	-0.257	8.769E-2	0.171	-4.504E-2
25.450	-0.256	9.187E-2	0.170	-4.689E-2
25.467	-0.254	9.785E-2	0.169	-4.376E-2
25.483	-0.253	0.101	0.169	-4.654E-2
25.500	-0.251	0.111	0.168	-4.700E-2
25.517	-0.249	0.109	0.167	-4.253E-2
25.533	-0.247	0.111	0.166	-4.400E-2
25.550	-0.245	0.118	0.165	-4.676E-2
25.567	-0.243	0.111	0.165	-4.712E-2
25.583	-0.242	0.113	0.164	-4.552E-2
25.600	-0.240	0.126	0.163	-4.419E-2
25.617	-0.237	0.128	0.162	-4.549E-2
25.633	-0.235	0.119	0.162	-4.685E-2
25.650	-0.233	0.123	0.161	-3.981E-2
25.667	-0.231	0.133	0.160	-3.880E-2
25.683	-0.229	0.133	0.160	-4.355E-2
25.700	-0.227	0.130	0.159	-4.347E-2
25.717	-0.225	0.126	0.158	-4.010E-2
25.733	-0.223	0.128	0.158	-3.509E-2
25.750	-0.220	0.128	0.157	-3.515E-2
25.767	-0.218	0.127	0.156	-3.496E-2
25.783	-0.216	0.128	0.156	-3.072E-2
25.800	-0.214	0.126	0.155	-2.804E-2
25.817	-0.212	0.125	0.155	-2.632E-2
25.833	-0.210	0.121	0.154	-2.439E-2
25.850	-0.208	0.121	0.154	-2.125E-2
25.867	-0.206	0.119	0.154	-1.679E-2
25.883	-0.204	0.116	0.153	-1.381E-2
25.900	-0.202	0.117	0.153	-1.279E-2
25.917	-0.200	0.110	0.153	-1.308E-2
25.933	-0.198	0.102	0.153	-1.096E-2
25.950	-0.197	0.103	0.153	-2.367E-3
25.967	-0.195	0.103	0.153	5.411E-5
25.983	-0.193	0.102	0.153	5.057E-4
26.000	-0.192	9.605E-2	0.153	3.021E-3
26.017	-0.190	8.746E-2	0.153	6.663E-3
26.033	-0.189	9.059E-2	0.153	1.144E-2
26.050	-0.187	8.884E-2	0.153	1.453E-2
26.067	-0.186	7.296E-2	0.153	1.503E-2
26.083	-0.185	6.639E-2	0.154	1.681E-2
26.100	-0.183	6.394E-2	0.154	2.481E-2
26.117	-0.182	6.058E-2	0.155	2.772E-2
26.133	-0.181	5.864E-2	0.155	3.213E-2
26.150	-0.180	5.117E-2	0.156	3.673E-2
26.167	-0.180	4.755E-2	0.156	3.871E-2
26.183	-0.179	4.012E-2	0.157	3.784E-2
26.200	-0.178	3.158E-2	0.157	3.560E-2
26.217	-0.178	3.187E-2	0.158	4.490E-2
26.233	-0.177	2.552E-2	0.159	5.011E-2
26.250	-0.177	8.551E-3	0.160	2.450E-2
26.267	-0.177	4.396E-3	0.160	2.508E-2
26.283	-0.177	1.514E-2	0.161	5.049E-2
26.300	-0.177	8.858E-3	0.161	5.911E-2
26.317	-0.177	-9.371E-4	0.163	6.153E-2
26.333	-0.177	-5.507E-3	0.163	5.745E-2
26.350	-0.177	-7.940E-3	0.164	6.018E-2
26.367	-0.177	-1.132E-2	0.165	6.419E-2
26.383	-0.177	-2.329E-2	0.167	6.416E-2
26.400	-0.178	-2.860E-2	0.168	6.515E-2
26.417	-0.178	-2.914E-2	0.169	6.677E-2
26.433	-0.179	-3.633E-2	0.170	6.978E-2
26.450	-0.179	-4.332E-2	0.171	7.171E-2
26.467	-0.180	-4.694E-2	0.172	7.325E-2
26.483	-0.181	-5.086E-2	0.174	7.608E-2
26.500	-0.182	-5.434E-2	0.175	7.741E-2
26.517	-0.183	-5.936E-2	0.176	7.290E-2
26.533	-0.184	-6.493E-2	0.177	7.262E-2
26.550	-0.185	-6.866E-2	0.179	7.485E-2
26.567	-0.186	-7.114E-2	0.180	7.535E-2
26.583	-0.187	-7.566E-2	0.181	7.694E-2
26.600	-0.188	-8.026E-2	0.182	7.499E-2
26.617	-0.190	-8.453E-2	0.184	7.712E-2
26.633	-0.191	-8.783E-2	0.185	7.529E-2
26.650	-0.193	-9.330E-2	0.186	7.397E-2
26.667	-0.194	-9.151E-2	0.187	7.107E-2
26.683	-0.196	-9.537E-2	0.188	7.039E-2
26.700	-0.198	-0.106	0.190	6.808E-2
26.717	-0.199	-0.104	0.191	6.566E-2
26.733	-0.201	-9.867E-2	0.192	6.721E-2
26.750	-0.203	-0.100	0.193	6.748E-2
26.767	-0.204	-0.109	0.194	6.439E-2
26.783	-0.206	-0.104	0.195	5.753E-2
26.800	-0.208	-0.102	0.196	5.421E-2
26.817	-0.210	-0.108	0.197	5.090E-2
26.833	-0.211	-0.106	0.198	5.060E-2
26.850	-0.213	-0.104	0.199	5.063E-2
26.867	-0.215	-0.101	0.199	5.075E-2
26.883	-0.217	-0.106	0.200	4.390E-2
26.900	-0.218	-0.110	0.201	3.370E-2
26.917	-0.220	-0.107	0.201	3.338E-2
26.933	-0.222	-0.102	0.202	3.232E-2
26.950	-0.224	-0.101	0.202	2.584E-2
26.967	-0.225	-0.105	0.203	2.107E-2
26.983	-0.227	-0.103	0.203	1.932E-2
27.000	-0.229	-9.889E-2	0.203	1.343E-2
27.017	-0.230	-9.504E-2	0.204	9.704E-3
27.033	-0.232	-9.679E-2	0.204	5.609E-3
27.050	-0.234	-9.203E-2	0.204	2.378E-3
27.067	-0.235	-9.063E-2	0.204	-1.509E-4
27.083	-0.237	-8.680E-2	0.204	-9.370E-3
27.100	-0.238	-8.036E-2	0.204	-1.066E-2
27.117	-0.239	-8.398E-2	0.203	-1.520E-2
27.133	-0.241	-7.588E-2	0.203	-2.125E-2
27.150	-0.242	-6.917E-2	0.203	-2.481E-2
27.167	-0.243	-7.057E-2	0.202	-2.917E-2
27.183	-0.244	-6.644E-2	0.202	-3.227E-2
27.200	-0.245	-6.253E-2	0.201	-3.571E-2
27.217	-0.246	-5.832E-2	0.201	-3.860E-2
27.233	-0.247	-5.315E-2	0.200	-4.604E-2
27.250	-0.248	-5.208E-2	0.199	-5.129E-2
27.267	-0.249	-4.631E-2	0.198	-5.517E-2
27.283	-0.250	-4.284E-2	0.197	-6.030E-2
27.300	-0.250	-3.858E-2	0.196	-6.416E-2
27.317	-0.251	-3.484E-2	0.195	-6.790E-2
27.333	-0.252	-2.980E-2	0.194	-7.183E-2
27.350	-0.252	-2.121E-2	0.193	-7.417E-2
27.367	-0.252	-2.051E-2	0.191	-7.834E-2
27.383	-0.253	-1.492E-2	0.190	-7.942E-2
27.400	-0.253	-9.123E-3	0.189	-8.020E-2
27.417	-0.253	-9.038E-3	0.187	-8.502E-2
27.433	-0.253	-4.833E-3	0.186	-8.906E-2
27.450	-0.253	5.005E-3	0.184	-9.358E-2
27.467	-0.253	8.915E-3	0.183	-9.907E-2
27.483	-0.253	1.021E-2	0.181	-9.536E-2
27.500	-0.253	1.860E-2	0.180	-9.643E-2
27.517	-0.252	1.819E-2	0.178	-0.103
27.533	-0.252	2.254E-2	0.176	-0.101
27.550	-0.251	3.556E-2	0.175	-0.104
27.567	-0.251	3.619E-2	0.173	-0.108
27.583	-0.250	4.020E-2	0.171	-0.109
27.600	-0.249	4.132E-2	0.169	-0.108
27.617	-0.249	4.097E-2	0.167	-0.110
27.633	-0.248	4.324E-2	0.165	-0.105
27.650	-0.247	4.366E-2	0.164	-0.103
27.667	-0.247	5.269E-2	0.162	-0.106
27.683	-0.246	5.567E-2	0.160	-0.107
27.700	-0.245	5.867E-2	0.158	-0.107
27.717	-0.244	6.106E-2	0.157	-0.104
27.733	-0.243	6.016E-2	0.155	-0.105
27.750	-0.242	6.623E-2	0.153	-0.101
27.767	-0.241	6.665E-2	0.152	-9.795E-2
27.783	-0.239	6.607E-2	0.150	-9.579E-2
27.800	-0.238	7.073E-2	0.148	-9.516E-2
27.817	-0.237	7.335E-2	0.147	-9.465E-2
27.833	-0.236	7.627E-2	0.145	-9.083E-2
27.850	-0.235	7.279E-2	0.144	-8.708E-2
27.867	-0.233	7.053E-2	0.142	-8.506E-2
27.883	-0.232	7.500E-2	0.141	-8.122E-2
27.900	-0.231	7.224E-2	0.140	-7.690E-2
27.917	-0.230	7.211E-2	0.138	-7.699E-2
27.933	-0.229	7.491E-2	0.137	-7.183E-2
27.950	-0.227	7.461E-2	0.136	-6.739E-2
27.967	-0.226	7.751E-2	0.135	-6.419E-2
27.983	-0.225	7.594E-2	0.134	-5.120E-2
28.000	-0.224	7.591E-2	0.133	-4.975E-2
28.017	-0.222	7.255E-2	0.132	-5.216E-2
28.033	-0.221	7.097E-2	0.131	-4.431E-2
28.050	-0.220	7.457E-2	0.131	-3.732E-2
28.067	-0.219	6.994E-2	0.130	-3.445E-2
28.083	-0.217	6.633E-2	0.130	-3.200E-2
28.100	-0.216	6.644E-2	0.129	-2.516E-2
28.117	-0.215	6.485E-2	0.129	-1.788E-2
28.133	-0.214	6.235E-2	0.128	-1.554E-2
28.150	-0.213	6.276E-2	0.128	-1.078E-2
28.167	-0.212	5.818E-2	0.128	-6.489E-4
28.183	-0.211	5.757E-2	0.128	8.021E-3
28.200	-0.210	5.735E-2	0.128	8.093E-3
28.217	-0.209	4.881E-2	0.128	1.159E-2
28.233	-0.209	4.616E-2	0.129	2.012E-2
28.250	-0.208	4.656E-2	0.129	2.575E-2
28.267	-0.207	4.215E-2	0.130	3.274E-2
28.283	-0.206	4.028E-2	0.130	3.904E-2
28.300	-0.206	3.628E-2	0.131	4.163E-2
28.317	-0.205	3.106E-2	0.132	4.849E-2
28.333	-0.205	3.167E-2	0.133	5.245E-2
28.350	-0.204	2.885E-2	0.133	5.632E-2
28.367	-0.204	2.701E-2	0.134	6.596E-2
28.383	-0.203	2.625E-2	0.136	7.029E-2
28.400	-0.203	1.880E-2	0.137	7.288E-2
28.417	-0.203	1.537E-2	0.138	7.798E-2
28.433	-0.202	1.442E-2	0.139	8.274E-2
28.450	-0.202	1.062E-2	0.141	8.328E-2
28.467	-0.202	9.468E-3	0.142	8.537E-2
28.483	-0.202	6.444E-3	0.144	9.481E-2
28.500	-0.202	-1.805E-3	0.145	0.100
28.517	-0.202	-4.545E-3	0.147	0.101
28.533	-0.202	-2.879E-3	0.149	0.104
28.550	-0.202	-7.067E-3	0.150	0.111
28.567	-0.202	-1.198E-2	0.152	0.113
28.583	-0.202	-1.326E-2	0.154	0.109
28.600	-0.203	-1.347E-2	0.156	0.112
28.617	-0.203	-2.350E-2	0.158	0.119
28.633	-0.203	-2.246E-2	0.160	0.121
28.650	-0.204	-2.024E-2	0.162	0.119
28.667	-0.204	-2.941E-2	0.164	0.123
28.683	-0.205	-2.542E-2	0.166	0.125
28.700	-0.205	-2.807E-2	0.168	0.124
28.717	-0.205	-3.402E-2	0.170	0.125
28.733	-0.206	-3.418E-2	0.172	0.125
28.750	-0.207	-3.815E-2	0.174	0.127
28.767	-0.207	-3.864E-2	0.176	0.126
28.783	-0.208	-3.696E-2	0.179	0.128
28.800	-0.209	-3.583E-2	0.181	0.126
28.817	-0.209	-3.914E-2	0.183	0.124
28.833	-0.210	-4.399E-2	0.185	0.124
28.850	-0.211	-4.634E-2	0.187	0.122
28.867	-0.211	-4.568E-2	0.189	0.121
28.883	-0.212	-4.429E-2	0.191	0.118
28.900	-0.213	-3.808E-2	0.193	0.115
28.917	-0.213	-4.187E-2	0.195	0.113
28.933	-0.214	-4.740E-2	0.197	0.108
28.950	-0.215	-4.319E-2	0.198	0.105
28.967	-0.216	-4.278E-2	0.200	0.106
28.983	-0.216	-4.057E-2	0.202	0.101
29.000	-0.217	-4.625E-2	0.203	9.577E-2
29.017	-0.218	-4.599E-2	0.205	9.249E-2
29.033	-0.219	-4.160E-2	0.207	8.857E-2
29.050	-0.219	-3.955E-2	0.208	8.203E-2
29.067	-0.220	-3.546E-2	0.209	8.008E-2
29.083	-0.220	-3.721E-2	0.211	7.625E-2
29.100	-0.221	-3.690E-2	0.212	6.837E-2
29.117	-0.222	-3.691E-2	0.213	6.639E-2
29.133	-0.222	-3.780E-2	0.214	5.984E-2
29.150	-0.223	-3.542E-2	0.215	5.074E-2
29.167	-0.224	-3.645E-2	0.216	5.257E-2
29.183	-0.224	-3.697E-2	0.217	4.272E-2
29.200	-0.225	-2.922E-2	0.217	3.294E-2
29.217	-0.225	-2.420E-2	0.218	3.177E-2
29.233	-0.226	-2.365E-2	0.218	2.790E-2
29.250	-0.226	-2.388E-2	0.219	2.296E-2
29.267	-0.226	-2.183E-2	0.219	1.514E-2
29.283	-0.227	-2.012E-2	0.219	4.421E-3
29.300	-0.227	-1.849E-2	0.219	-1.396E-3
29.317	-0.227	-8.565E-3	0.219	-3.815E-3
29.333	-0.227	-1.034E-2	0.219	-1.240E-2
29.350	-0.228	-1.547E-2	0.219	-1.777E-2
29.367	-0.228	-6.000E-3	0.218	-2.257E-2
29.383	-0.228	-1.850E-3	0.218	-2.760E-2
29.400	-0.228	-1.403E-3	0.217	-3.408E-2
29.417	-0.228	1.121E-3	0.217	-4.323E-2
29.433	-0.228	1.754E-3	0.216	-4.901E-2
29.450	-0.228	2.163E-3	0.215	-4.905E-2
29.467	-0.228	4.815E-3	0.214	-5.678E-2
29.483	-0.228	7.634E-3	0.213	-6.283E-2
29.500	-0.228	8.458E-3	0.212	-6.776E-2
29.517	-0.227	1.098E-2	0.211	-7.298E-2
29.533	-0.227	1.457E-2	0.210	-7.364E-2
29.550	-0.227	1.448E-2	0.209	-8.418E-2
29.567	-0.227	1.633E-2	0.207	-8.842E-2
29.583	-0.226	1.733E-2	0.206	-9.110E-2
29.600	-0.226	2.090E-2	0.204	-9.879E-2
29.617	-0.226	2.271E-2	0.202	-9.862E-2
29.633	-0.225	2.370E-2	0.201	-0.104
29.650	-0.225	2.884E-2	0.199	-0.109
29.667	-0.224	2.636E-2	0.197	-0.110
29.683	-0.224	2.760E-2	0.195	-0.113
29.700	-0.223	3.159E-2	0.193	-0.117
29.717	-0.223	3.008E-2	0.191	-0.121
29.733	-0.222	3.103E-2	0.189	-0.120
29.750	-0.222	3.462E-2	0.187	-0.125
29.767	-0.221	3.260E-2	0.185	-0.124
29.783	-0.221	3.547E-2	0.183	-0.126
29.800	-0.220	3.661E-2	0.181	-0.134
29.817	-0.220	3.485E-2	0.179	-0.129
29.833	-0.219	3.434E-2	0.177	-0.128
29.850	-0.218	3.310E-2	0.174	-0.133
29.867	-0.218	2.586E-2	0.172	-0.132
29.883	-0.218	2.526E-2	0.170	-0.130
29.900	-0.217	3.443E-2	0.168	-0.132
29.917	-0.216	3.505E-2	0.166	-0.135
29.933	-0.216	3.207E-2	0.163	-0.128
29.950	-0.215	2.913E-2	0.161	-0.128
29.967	-0.215		0.159	
