#multi:
	mass A		mass B		
t	x	vx	x	vx	
0.000	-0.230		0.174	
0.017	-0.232	-0.104	0.174	5.885E-2
0.033	-0.233	-0.101	0.175	5.716E-2
0.050	-0.235	-9.603E-2	0.176	5.686E-2
0.067	-0.237	-9.463E-2	0.177	6.072E-2
0.083	-0.238	-9.018E-2	0.178	6.048E-2
0.100	-0.240	-8.521E-2	0.179	5.795E-2
0.117	-0.241	-8.503E-2	0.180	5.898E-2
0.133	-0.242	-7.914E-2	0.181	5.865E-2
0.150	-0.244	-6.985E-2	0.182	5.335E-2
0.167	-0.245	-6.592E-2	0.183	5.460E-2
0.183	-0.246	-6.479E-2	0.184	5.461E-2
0.200	-0.247	-5.893E-2	0.185	5.437E-2
0.217	-0.248	-5.867E-2	0.186	5.740E-2
0.233	-0.249	-5.099E-2	0.187	5.461E-2
0.250	-0.249	-3.985E-2	0.188	4.625E-2
0.267	-0.250	-4.080E-2	0.188	4.737E-2
0.283	-0.251	-3.358E-2	0.189	5.150E-2
0.300	-0.251	-2.664E-2	0.190	4.824E-2
0.317	-0.252	-2.480E-2	0.191	4.808E-2
0.333	-0.252	-1.531E-2	0.192	4.394E-2
0.350	-0.252	-6.187E-3	0.192	3.846E-2
0.367	-0.252	-3.078E-3	0.193	3.713E-2
0.383	-0.252	2.682E-3	0.194	3.710E-2
0.400	-0.252	1.028E-2	0.194	3.526E-2
0.417	-0.252	1.531E-2	0.195	3.195E-2
0.433	-0.252	1.986E-2	0.195	3.258E-2
0.450	-0.251	2.095E-2	0.196	3.120E-2
0.467	-0.251	2.914E-2	0.196	2.503E-2
0.483	-0.250	3.824E-2	0.197	2.147E-2
0.500	-0.250	4.258E-2	0.197	2.488E-2
0.517	-0.249	5.140E-2	0.198	2.393E-2
0.533	-0.248	5.710E-2	0.198	1.927E-2
0.550	-0.247	6.227E-2	0.198	1.707E-2
0.567	-0.246	6.902E-2	0.198	1.746E-2
0.583	-0.245	7.112E-2	0.199	1.023E-2
0.600	-0.244	7.623E-2	0.199	3.579E-3
0.617	-0.242	8.292E-2	0.199	1.769E-3
0.633	-0.241	8.664E-2	0.199	-9.689E-4
0.650	-0.239	8.717E-2	0.199	5.100E-4
0.667	-0.238	9.205E-2	0.199	-2.150E-3
0.683	-0.236	9.970E-2	0.199	-4.396E-3
0.700	-0.235	0.100	0.199	-8.598E-3
0.717	-0.233	0.108	0.198	-5.738E-3
0.733	-0.231	0.111	0.199	-6.308E-3
0.750	-0.229	0.109	0.198	-1.683E-2
0.767	-0.227	0.116	0.198	-1.766E-2
0.783	-0.225	0.119	0.198	-1.750E-2
0.800	-0.223	0.119	0.197	-1.827E-2
0.817	-0.221	0.120	0.197	-1.918E-2
0.833	-0.219	0.126	0.197	-2.333E-2
0.850	-0.217	0.133	0.196	-2.170E-2
0.867	-0.215	0.132	0.196	-2.428E-2
0.883	-0.213	0.129	0.195	-2.390E-2
0.900	-0.211	6.520E-2	0.195	-8.585E-3
0.917	-0.211	6.594E-2	0.195	-1.739E-2
0.933	-0.208	0.131	0.195	-3.414E-2
0.950	-0.206	0.133	0.194	-3.119E-2
0.967	-0.204	0.132	0.194	-3.051E-2
0.983	-0.202	0.133	0.193	-3.186E-2
1.000	-0.200	0.136	0.193	-3.004E-2
1.017	-0.197	0.136	0.192	-2.991E-2
1.033	-0.195	0.131	0.192	-3.054E-2
1.050	-0.193	0.128	0.191	-3.077E-2
1.067	-0.191	0.127	0.191	-3.277E-2
1.083	-0.189	0.124	0.190	-3.377E-2
1.100	-0.187	0.122	0.189	-3.253E-2
1.117	-0.185	0.122	0.189	-3.154E-2
1.133	-0.183	0.120	0.188	-3.406E-2
1.150	-0.181	0.115	0.188	-3.463E-2
1.167	-0.179	0.111	0.187	-2.802E-2
1.183	-0.177	0.108	0.187	-2.367E-2
1.200	-0.175	0.104	0.186	-2.516E-2
1.217	-0.173	9.998E-2	0.186	-2.958E-2
1.233	-0.172	9.728E-2	0.185	-2.713E-2
1.250	-0.170	9.267E-2	0.185	-2.568E-2
1.267	-0.169	8.652E-2	0.185	-2.373E-2
1.283	-0.167	8.481E-2	0.184	-2.302E-2
1.300	-0.166	8.361E-2	0.184	-2.129E-2
1.317	-0.165	7.689E-2	0.184	-1.727E-2
1.333	-0.163	7.137E-2	0.183	-1.782E-2
1.350	-0.162	6.832E-2	0.183	-1.467E-2
1.367	-0.161	6.129E-2	0.183	-1.204E-2
1.383	-0.160	4.979E-2	0.183	-9.394E-3
1.400	-0.159	4.445E-2	0.182	-9.072E-3
1.417	-0.159	4.387E-2	0.182	-8.860E-3
1.433	-0.158	3.729E-2	0.182	-6.240E-3
1.450	-0.157	2.970E-2	0.182	-1.296E-3
1.467	-0.157	2.616E-2	0.182	1.180E-3
1.483	-0.156	1.816E-2	0.182	1.988E-3
1.500	-0.156	1.332E-2	0.182	3.693E-3
1.517	-0.156	7.526E-3	0.182	2.169E-3
1.533	-0.156	-1.322E-3	0.182	7.462E-3
1.550	-0.156	-6.816E-3	0.182	7.731E-3
1.567	-0.156	-1.239E-2	0.182	6.116E-3
1.583	-0.157	-1.877E-2	0.183	1.167E-2
1.600	-0.157	-2.521E-2	0.183	1.443E-2
1.617	-0.157	-2.954E-2	0.183	1.761E-2
1.633	-0.158	-3.527E-2	0.183	2.039E-2
1.650	-0.159	-4.222E-2	0.184	2.310E-2
1.667	-0.159	-4.395E-2	0.184	2.035E-2
1.683	-0.160	-5.271E-2	0.184	2.119E-2
1.700	-0.161	-6.113E-2	0.185	2.542E-2
1.717	-0.162	-6.331E-2	0.185	2.580E-2
1.733	-0.163	-6.896E-2	0.186	2.863E-2
1.750	-0.164	-7.469E-2	0.186	3.175E-2
1.767	-0.166	-7.979E-2	0.187	2.958E-2
1.783	-0.167	-8.539E-2	0.187	3.005E-2
1.800	-0.168	-9.324E-2	0.188	3.584E-2
1.817	-0.170	-9.315E-2	0.188	3.790E-2
1.833	-0.172	-9.487E-2	0.189	3.771E-2
1.850	-0.173	-0.101	0.190	3.613E-2
1.867	-0.175	-0.103	0.190	3.590E-2
1.883	-0.177	-0.108	0.191	3.791E-2
1.900	-0.179	-0.112	0.192	3.809E-2
1.917	-0.180	-0.112	0.192	3.868E-2
1.933	-0.182	-0.117	0.193	3.442E-2
1.950	-0.184	-0.120	0.193	3.255E-2
1.967	-0.186	-0.124	0.194	3.394E-2
1.983	-0.188	-0.125	0.194	3.306E-2
2.000	-0.190	-0.125	0.195	4.216E-2
2.017	-0.193	-0.126	0.196	4.121E-2
2.033	-0.195	-0.128	0.196	3.236E-2
2.050	-0.197	-0.129	0.197	3.292E-2
2.067	-0.199	-0.129	0.198	3.322E-2
2.083	-0.201	-0.131	0.198	3.361E-2
2.100	-0.203	-0.132	0.199	2.607E-2
2.117	-0.206	-0.129	0.199	2.372E-2
2.133	-0.208	-0.127	0.199	2.847E-2
2.150	-0.210	-0.131	0.200	2.712E-2
2.167	-0.212	-0.127	0.200	2.563E-2
2.183	-0.214	-0.123	0.201	2.338E-2
2.200	-0.216	-0.125	0.201	1.884E-2
2.217	-0.218	-0.121	0.201	1.796E-2
2.233	-0.220	-0.118	0.202	1.752E-2
2.250	-0.222	-0.121	0.202	1.405E-2
2.267	-0.224	-0.116	0.202	1.415E-2
2.283	-0.226	-0.112	0.202	7.835E-3
2.300	-0.228	-0.110	0.202	5.117E-3
2.317	-0.230	-0.109	0.203	2.898E-3
2.333	-0.232	-0.107	0.203	2.981E-3
2.350	-0.233	-0.102	0.203	4.329E-3
2.367	-0.235	-9.576E-2	0.203	-3.091E-3
2.383	-0.236	-9.001E-2	0.203	-5.658E-3
2.400	-0.238	-8.858E-2	0.202	-8.776E-3
2.417	-0.239	-8.173E-2	0.202	-1.179E-2
2.433	-0.241	-7.477E-2	0.202	-1.412E-2
2.450	-0.242	-7.312E-2	0.202	-1.957E-2
2.467	-0.243	-6.797E-2	0.201	-1.985E-2
2.483	-0.244	-6.380E-2	0.201	-2.346E-2
2.500	-0.245	-5.597E-2	0.201	-2.820E-2
2.517	-0.246	-4.992E-2	0.200	-2.634E-2
2.533	-0.247	-4.927E-2	0.200	-2.864E-2
2.550	-0.248	-4.041E-2	0.199	-3.263E-2
2.567	-0.248	-2.942E-2	0.199	-3.485E-2
2.583	-0.249	-3.377E-2	0.198	-4.255E-2
2.600	-0.249	-2.603E-2	0.197	-4.186E-2
2.617	-0.250	-1.476E-2	0.197	-4.033E-2
2.633	-0.250	-1.511E-2	0.196	-4.694E-2
2.650	-0.250	-7.735E-3	0.195	-5.096E-2
2.667	-0.250	-6.558E-4	0.194	-5.228E-2
2.683	-0.250	3.173E-3	0.193	-5.036E-2
2.700	-0.250	9.816E-3	0.193	-5.019E-2
2.717	-0.250	1.757E-2	0.192	-5.772E-2
2.733	-0.249	2.258E-2	0.191	-6.246E-2
2.750	-0.249	2.565E-2	0.190	-5.852E-2
2.767	-0.249	3.081E-2	0.189	-5.593E-2
2.783	-0.248	3.799E-2	0.188	-6.190E-2
2.800	-0.247	4.347E-2	0.187	-6.614E-2
2.817	-0.247	4.543E-2	0.186	-6.293E-2
2.833	-0.246	5.295E-2	0.185	-6.342E-2
2.850	-0.245	5.600E-2	0.183	-6.530E-2
2.867	-0.244	5.798E-2	0.182	-6.775E-2
2.883	-0.243	6.811E-2	0.181	-6.822E-2
2.900	-0.242	7.336E-2	0.180	-6.881E-2
2.917	-0.240	7.701E-2	0.179	-6.793E-2
2.933	-0.239	7.916E-2	0.178	-6.842E-2
2.950	-0.238	8.025E-2	0.177	-6.569E-2
2.967	-0.236	8.362E-2	0.176	-6.344E-2
2.983	-0.235	8.788E-2	0.175	-6.368E-2
3.000	-0.233	9.397E-2	0.174	-6.339E-2
3.017	-0.232	9.934E-2	0.172	-6.253E-2
3.033	-0.230	0.101	0.171	-6.272E-2
3.050	-0.228	9.848E-2	0.170	-5.958E-2
3.067	-0.227	9.869E-2	0.169	-5.620E-2
3.083	-0.225	0.104	0.168	-6.037E-2
3.100	-0.223	0.108	0.167	-5.515E-2
3.117	-0.222	0.109	0.167	-5.186E-2
3.133	-0.220	0.106	0.166	-5.177E-2
3.150	-0.218	0.109	0.165	-4.922E-2
3.167	-0.216	0.115	0.164	-4.258E-2
3.183	-0.214	0.112	0.163	-4.154E-2
3.200	-0.212	0.113	0.163	-4.750E-2
3.217	-0.210	0.112	0.162	-3.374E-2
3.233	-0.209	0.110	0.162	-2.574E-2
3.250	-0.207	0.110	0.161	-3.159E-2
3.267	-0.205	0.104	0.160	-3.235E-2
3.283	-0.203	0.105	0.160	-2.541E-2
3.300	-0.201	0.105	0.160	-1.870E-2
3.317	-0.200	0.105	0.159	-1.820E-2
3.333	-0.198	0.106	0.159	-1.826E-2
3.350	-0.196	0.103	0.159	-9.211E-3
3.367	-0.195	0.104	0.159	-2.833E-3
3.383	-0.193	9.743E-2	0.159	-3.479E-3
3.400	-0.191	9.308E-2	0.159	1.549E-3
3.417	-0.190	9.465E-2	0.159	6.610E-3
3.433	-0.188	8.962E-2	0.159	7.923E-3
3.450	-0.187	8.702E-2	0.159	1.425E-2
3.467	-0.185	8.668E-2	0.159	1.999E-2
3.483	-0.184	8.105E-2	0.160	1.737E-2
3.500	-0.183	7.983E-2	0.160	2.626E-2
3.517	-0.181	7.432E-2	0.160	3.386E-2
3.533	-0.180	6.610E-2	0.161	3.399E-2
3.550	-0.179	6.680E-2	0.162	3.534E-2
3.567	-0.178	6.494E-2	0.162	4.273E-2
3.583	-0.177	5.839E-2	0.163	4.352E-2
3.600	-0.176	5.261E-2	0.164	4.466E-2
3.617	-0.175	4.880E-2	0.165	5.570E-2
3.633	-0.174	4.032E-2	0.166	6.082E-2
3.650	-0.174	3.939E-2	0.167	5.682E-2
3.667	-0.173	4.056E-2	0.167	5.983E-2
3.683	-0.172	2.784E-2	0.169	6.720E-2
3.700	-0.172	2.502E-2	0.170	6.623E-2
3.717	-0.172	2.803E-2	0.171	6.909E-2
3.733	-0.171	1.883E-2	0.172	7.445E-2
3.750	-0.171	1.087E-2	0.173	8.271E-2
3.767	-0.171	7.131E-3	0.175	8.406E-2
3.783	-0.171	2.727E-3	0.176	7.931E-2
3.800	-0.171	-7.105E-4	0.177	8.268E-2
3.817	-0.171	-5.164E-3	0.179	9.372E-2
3.833	-0.171	-9.454E-3	0.180	9.363E-2
3.850	-0.171	-1.438E-2	0.182	8.686E-2
3.867	-0.171	-2.105E-2	0.183	9.435E-2
3.883	-0.172	-2.360E-2	0.185	9.711E-2
3.900	-0.172	-2.534E-2	0.187	9.469E-2
3.917	-0.173	-3.046E-2	0.188	9.655E-2
3.933	-0.173	-3.374E-2	0.190	9.519E-2
3.950	-0.174	-3.945E-2	0.191	9.831E-2
3.967	-0.174	-4.230E-2	0.193	0.100
3.983	-0.175	-4.080E-2	0.195	9.449E-2
4.000	-0.176	-4.858E-2	0.196	9.610E-2
4.017	-0.177	-5.157E-2	0.198	0.100
4.033	-0.177	-5.622E-2	0.200	9.963E-2
4.050	-0.179	-5.852E-2	0.201	9.627E-2
4.067	-0.179	-6.199E-2	0.203	9.449E-2
4.083	-0.181	-6.600E-2	0.204	9.415E-2
4.100	-0.182	-6.452E-2	0.206	9.034E-2
4.117	-0.183	-7.210E-2	0.207	9.232E-2
4.133	-0.184	-7.325E-2	0.209	9.146E-2
4.150	-0.185	-7.373E-2	0.210	8.733E-2
4.167	-0.187	-7.504E-2	0.212	8.618E-2
4.183	-0.188	-7.520E-2	0.213	8.507E-2
4.200	-0.189	-7.683E-2	0.215	7.585E-2
4.217	-0.190	-7.495E-2	0.216	7.214E-2
4.233	-0.192	-7.890E-2	0.217	7.351E-2
4.250	-0.193	-8.072E-2	0.218	7.114E-2
4.267	-0.194	-7.795E-2	0.220	6.916E-2
4.283	-0.196	-7.804E-2	0.221	6.476E-2
4.300	-0.197	-7.842E-2	0.222	6.103E-2
4.317	-0.198	-8.146E-2	0.223	5.027E-2
4.333	-0.200	-8.304E-2	0.223	4.543E-2
4.350	-0.201	-7.983E-2	0.224	4.766E-2
4.367	-0.202	-7.892E-2	0.225	4.487E-2
4.383	-0.204	-7.682E-2	0.226	3.789E-2
4.400	-0.205	-7.522E-2	0.226	3.294E-2
4.417	-0.206	-7.837E-2	0.227	2.933E-2
4.433	-0.207	-7.695E-2	0.227	2.412E-2
4.450	-0.209	-7.582E-2	0.228	1.610E-2
4.467	-0.210	-7.429E-2	0.228	1.200E-2
4.483	-0.211	-7.208E-2	0.228	9.162E-3
4.500	-0.212	-6.737E-2	0.228	4.122E-4
4.517	-0.213	-6.466E-2	0.228	-4.767E-3
4.533	-0.214	-6.444E-2	0.228	-4.436E-3
4.550	-0.215	-5.881E-2	0.228	-1.267E-2
4.567	-0.216	-5.923E-2	0.227	-1.967E-2
4.583	-0.217	-5.853E-2	0.227	-2.051E-2
4.600	-0.218	-5.165E-2	0.227	-2.773E-2
4.617	-0.219	-4.919E-2	0.226	-3.161E-2
4.633	-0.220	-4.662E-2	0.226	-4.024E-2
4.650	-0.221	-4.109E-2	0.225	-4.591E-2
4.667	-0.221	-4.054E-2	0.224	-4.167E-2
4.683	-0.222	-4.053E-2	0.224	-5.237E-2
4.700	-0.223	-3.583E-2	0.222	-6.148E-2
4.717	-0.223	-3.478E-2	0.221	-6.204E-2
4.733	-0.224	-3.274E-2	0.220	-6.481E-2
4.750	-0.224	-2.940E-2	0.219	-7.088E-2
4.767	-0.225	-2.305E-2	0.218	-7.836E-2
4.783	-0.225	-1.760E-2	0.217	-8.308E-2
4.800	-0.225	-1.527E-2	0.215	-8.692E-2
4.817	-0.226	-1.265E-2	0.214	-8.717E-2
4.833	-0.226	-7.434E-3	0.212	-8.988E-2
4.850	-0.226	-4.280E-3	0.211	-9.605E-2
4.867	-0.226	-5.696E-3	0.209	-9.995E-2
4.883	-0.226	-2.681E-3	0.207	-9.884E-2
4.900	-0.226	9.927E-4	0.206	-0.107
4.917	-0.226	1.978E-3	0.204	-0.112
4.933	-0.226	8.321E-3	0.202	-0.110
4.950	-0.226	1.287E-2	0.200	-0.110
4.967	-0.226	1.352E-2	0.198	-0.111
4.983	-0.225	2.046E-2	0.197	-0.118
5.000	-0.225	1.974E-2	0.195	-0.118
5.017	-0.225	2.199E-2	0.193	-0.117
5.033	-0.224	2.640E-2	0.191	-0.120
5.050	-0.224	2.778E-2	0.189	-0.119
5.067	-0.223	3.217E-2	0.187	-0.118
5.083	-0.223	2.832E-2	0.185	-0.121
5.100	-0.222	3.032E-2	0.183	-0.119
5.117	-0.222	4.034E-2	0.181	-0.118
5.133	-0.221	3.859E-2	0.179	-0.119
5.150	-0.220	3.434E-2	0.177	-0.119
5.167	-0.220	3.721E-2	0.175	-0.118
5.183	-0.219	4.436E-2	0.173	-0.120
5.200	-0.218	4.583E-2	0.171	-0.119
5.217	-0.218	4.648E-2	0.169	-0.114
5.233	-0.217	4.381E-2	0.167	-0.111
5.250	-0.216	4.039E-2	0.165	-0.109
5.267	-0.215	4.421E-2	0.163	-0.104
5.283	-0.215	4.269E-2	0.162	-0.101
5.300	-0.214	4.600E-2	0.160	-0.102
5.317	-0.213	4.760E-2	0.158	-9.987E-2
5.333	-0.212	4.903E-2	0.157	-9.578E-2
5.350	-0.212	4.662E-2	0.155	-9.081E-2
5.367	-0.211	4.112E-2	0.154	-8.589E-2
5.383	-0.210	4.419E-2	0.152	-8.187E-2
5.400	-0.209	4.244E-2	0.151	-8.085E-2
5.417	-0.209	4.548E-2	0.150	-7.438E-2
5.433	-0.208	4.740E-2	0.148	-6.792E-2
5.450	-0.207	4.239E-2	0.147	-6.912E-2
5.467	-0.206	4.280E-2	0.146	-6.459E-2
5.483	-0.206	4.248E-2	0.145	-5.010E-2
5.500	-0.205	3.778E-2	0.144	-4.713E-2
5.517	-0.204	3.819E-2	0.144	-4.301E-2
5.533	-0.204	3.588E-2	0.143	-3.400E-2
5.550	-0.203	3.290E-2	0.142	-3.339E-2
5.567	-0.203	3.490E-2	0.142	-2.534E-2
5.583	-0.202	3.059E-2	0.142	-2.014E-2
5.600	-0.202	3.083E-2	0.141	-1.399E-2
5.617	-0.201	2.693E-2	0.141	-6.590E-3
5.633	-0.201	2.456E-2	0.141	-1.859E-3
5.650	-0.200	2.876E-2	0.141	2.718E-3
5.667	-0.200	1.965E-2	0.141	1.070E-2
5.683	-0.200	1.621E-2	0.141	1.741E-2
5.700	-0.199	1.914E-2	0.142	2.004E-2
5.717	-0.199	1.808E-2	0.142	2.489E-2
5.733	-0.199	1.821E-2	0.142	2.811E-2
5.750	-0.198	1.501E-2	0.143	3.431E-2
5.767	-0.198	1.232E-2	0.144	4.384E-2
5.783	-0.198	8.295E-3	0.144	4.801E-2
5.800	-0.198	2.502E-3	0.145	5.152E-2
5.817	-0.198	1.210E-3	0.146	5.773E-2
5.833	-0.198	-1.043E-3	0.147	6.353E-2
5.850	-0.198	-3.112E-3	0.148	6.941E-2
5.867	-0.198	-4.828E-3	0.149	7.134E-2
5.883	-0.198	-4.251E-3	0.151	7.723E-2
5.900	-0.198	-5.487E-3	0.152	8.362E-2
5.917	-0.198	-8.105E-3	0.153	8.716E-2
5.933	-0.198	-7.681E-3	0.155	9.251E-2
5.950	-0.199	-1.344E-2	0.157	9.768E-2
5.967	-0.199	-1.547E-2	0.158	0.101
5.983	-0.199	-1.181E-2	0.160	0.104
6.000	-0.199	-1.316E-2	0.162	0.108
6.017	-0.199	-1.604E-2	0.164	0.111
6.033	-0.200	-1.901E-2	0.165	0.117
6.050	-0.200	-1.831E-2	0.167	0.119
6.067	-0.200	-2.368E-2	0.169	0.117
6.083	-0.201	-2.657E-2	0.171	0.124
6.100	-0.201	-1.909E-2	0.173	0.124
6.117	-0.202	-2.451E-2	0.175	0.123
6.133	-0.202	-3.366E-2	0.178	0.124
6.150	-0.203	-3.247E-2	0.180	0.123
6.167	-0.203	-2.603E-2	0.182	0.129
6.183	-0.204	-2.436E-2	0.184	0.130
6.200	-0.204	-3.040E-2	0.186	0.129
6.217	-0.205	-2.657E-2	0.188	0.127
6.233	-0.205	-2.330E-2	0.190	0.127
6.250	-0.205	-2.737E-2	0.192	0.125
6.267	-0.206	-2.822E-2	0.194	0.129
6.283	-0.206	-3.186E-2	0.197	0.128
6.300	-0.207	-2.927E-2	0.199	0.121
6.317	-0.207	-2.580E-2	0.201	0.122
6.333	-0.208	-2.123E-2	0.203	0.126
6.350	-0.208	-2.069E-2	0.205	0.125
6.367	-0.208	-2.341E-2	0.207	0.120
6.383	-0.209	-2.180E-2	0.209	0.114
6.400	-0.209	-1.965E-2	0.211	0.108
6.417	-0.209	-1.754E-2	0.213	0.109
6.433	-0.210	-1.720E-2	0.214	0.112
6.450	-0.210	-1.431E-2	0.216	0.107
6.467	-0.210	-1.345E-2	0.218	0.101
6.483	-0.210	-1.699E-2	0.220	9.778E-2
6.500	-0.211	-1.678E-2	0.221	8.857E-2
6.517	-0.211	-1.493E-2	0.223	8.429E-2
6.533	-0.211	-8.262E-3	0.224	8.119E-2
6.550	-0.211	-6.703E-3	0.225	7.601E-2
6.567	-0.211	-3.849E-3	0.227	7.264E-2
6.583	-0.211	1.428E-3	0.228	6.376E-2
6.600	-0.211	5.998E-4	0.229	5.980E-2
6.617	-0.211	2.683E-3	0.230	5.841E-2
6.633	-0.211	1.619E-3	0.231	5.102E-2
6.650	-0.211	3.211E-3	0.231	4.157E-2
6.667	-0.211	3.674E-3	0.232	4.388E-2
6.683	-0.211	7.881E-3	0.233	3.346E-2
6.700	-0.211	1.198E-2	0.233	2.523E-2
6.717	-0.211	1.252E-2	0.234	2.741E-2
6.733	-0.211	1.388E-2	0.234	1.810E-2
6.750	-0.210	1.084E-2	0.234	1.624E-2
6.767	-0.210	1.605E-2	0.235	7.163E-3
6.783	-0.210	1.935E-2	0.235	-1.482E-3
6.800	-0.210	1.795E-2	0.234	-9.139E-3
6.817	-0.209	2.196E-2	0.234	-1.581E-2
6.833	-0.209	2.203E-2	0.234	-1.655E-2
6.850	-0.208	2.780E-2	0.234	-2.518E-2
6.867	-0.208	2.994E-2	0.233	-3.241E-2
6.883	-0.207	2.996E-2	0.233	-3.203E-2
6.900	-0.207	3.392E-2	0.232	-3.452E-2
6.917	-0.206	3.319E-2	0.231	-4.308E-2
6.933	-0.206	3.335E-2	0.231	-5.121E-2
6.950	-0.205	3.538E-2	0.230	-5.790E-2
6.967	-0.205	3.447E-2	0.229	-6.256E-2
6.983	-0.204	3.328E-2	0.228	-6.506E-2
7.000	-0.203	3.876E-2	0.227	-6.805E-2
7.017	-0.203	4.055E-2	0.225	-7.237E-2
7.033	-0.202	4.068E-2	0.224	-7.706E-2
7.050	-0.201	4.188E-2	0.223	-8.330E-2
7.067	-0.201	4.287E-2	0.221	-9.078E-2
7.083	-0.200	4.168E-2	0.220	-9.403E-2
7.100	-0.199	4.189E-2	0.218	-9.604E-2
7.117	-0.199	4.381E-2	0.217	-9.745E-2
7.133	-0.198	4.537E-2	0.215	-0.100
7.150	-0.197	4.380E-2	0.213	-0.108
7.167	-0.196	3.835E-2	0.211	-0.107
7.183	-0.196	3.697E-2	0.210	-0.108
7.200	-0.195	4.081E-2	0.208	-0.114
7.217	-0.194	4.216E-2	0.206	-0.118
7.233	-0.194	3.446E-2	0.204	-0.119
7.250	-0.193	3.501E-2	0.202	-0.115
7.267	-0.193	4.041E-2	0.200	-0.117
7.283	-0.192	3.862E-2	0.198	-0.122
7.300	-0.191	3.360E-2	0.196	-0.125
7.317	-0.191	3.482E-2	0.194	-0.122
7.333	-0.190	3.433E-2	0.192	-0.119
7.350	-0.190	3.038E-2	0.190	-0.123
7.367	-0.189	2.747E-2	0.188	-0.122
7.383	-0.189	2.083E-2	0.186	-0.125
7.400	-0.188	2.388E-2	0.184	-0.122
7.417	-0.188	1.866E-2	0.182	-0.118
7.433	-0.188	1.357E-2	0.180	-0.119
7.450	-0.187	1.694E-2	0.178	-0.119
7.467	-0.187	1.660E-2	0.176	-0.115
7.483	-0.187	1.121E-2	0.174	-0.111
7.500	-0.187	6.136E-3	0.172	-0.105
7.517	-0.187	7.999E-3	0.170	-0.104
7.533	-0.187	5.317E-3	0.169	-0.106
7.550	-0.187	1.443E-3	0.167	-9.985E-2
7.567	-0.187	-2.570E-3	0.165	-0.100
7.583	-0.187	-6.050E-3	0.164	-9.720E-2
7.600	-0.187	-1.435E-2	0.162	-8.984E-2
7.617	-0.187	-1.289E-2	0.161	-8.790E-2
7.633	-0.187	-1.344E-2	0.159	-8.586E-2
7.650	-0.188	-1.818E-2	0.158	-7.869E-2
7.667	-0.188	-1.828E-2	0.156	-7.362E-2
7.683	-0.188	-2.376E-2	0.155	-7.015E-2
7.700	-0.189	-2.796E-2	0.154	-6.712E-2
7.717	-0.189	-3.535E-2	0.153	-6.042E-2
7.733	-0.190	-3.535E-2	0.152	-5.472E-2
7.750	-0.190	-3.718E-2	0.151	-5.210E-2
7.767	-0.191	-4.439E-2	0.150	-4.738E-2
7.783	-0.192	-4.259E-2	0.150	-4.323E-2
7.800	-0.192	-3.885E-2	0.149	-3.645E-2
7.817	-0.193	-4.259E-2	0.148	-3.366E-2
7.833	-0.194	-5.040E-2	0.148	-3.064E-2
7.850	-0.195	-5.420E-2	0.147	-1.995E-2
7.867	-0.196	-5.429E-2	0.147	-1.232E-2
7.883	-0.197	-5.720E-2	0.147	-1.078E-2
7.900	-0.198	-6.058E-2	0.147	-4.939E-3
7.917	-0.199	-6.208E-2	0.147	-1.003E-3
7.933	-0.200	-6.427E-2	0.147	4.670E-3
7.950	-0.201	-6.371E-2	0.147	1.006E-2
7.967	-0.202	-6.423E-2	0.147	1.097E-2
7.983	-0.203	-6.698E-2	0.147	2.100E-2
8.000	-0.204	-6.847E-2	0.148	2.815E-2
8.017	-0.205	-7.202E-2	0.148	2.777E-2
8.033	-0.206	-7.598E-2	0.149	3.617E-2
8.050	-0.208	-6.907E-2	0.149	4.253E-2
8.067	-0.209	-6.755E-2	0.150	4.162E-2
8.083	-0.210	-7.507E-2	0.151	4.715E-2
8.100	-0.211	-7.332E-2	0.152	5.203E-2
8.117	-0.212	-7.477E-2	0.153	5.192E-2
8.133	-0.214	-7.434E-2	0.153	6.248E-2
8.150	-0.215	-6.892E-2	0.155	6.963E-2
8.167	-0.216	-7.173E-2	0.156	6.645E-2
8.183	-0.217	-6.907E-2	0.157	7.348E-2
8.200	-0.218	-6.976E-2	0.158	7.640E-2
8.217	-0.220	-7.194E-2	0.159	7.901E-2
8.233	-0.221	-6.584E-2	0.161	8.218E-2
8.250	-0.222	-6.809E-2	0.162	8.467E-2
8.267	-0.223	-6.882E-2	0.164	8.818E-2
8.283	-0.224	-6.577E-2	0.165	8.578E-2
8.300	-0.225	-6.613E-2	0.167	8.913E-2
8.317	-0.226	-6.522E-2	0.168	9.543E-2
8.333	-0.227	-6.464E-2	0.170	9.420E-2
8.350	-0.228	-5.914E-2	0.171	9.183E-2
8.367	-0.229	-5.422E-2	0.173	9.648E-2
8.383	-0.230	-5.551E-2	0.174	0.103
8.400	-0.231	-5.068E-2	0.176	0.102
8.417	-0.232	-4.708E-2	0.178	9.926E-2
8.433	-0.233	-4.395E-2	0.180	9.589E-2
8.450	-0.233	-4.089E-2	0.181	9.459E-2
8.467	-0.234	-4.099E-2	0.183	0.102
8.483	-0.235	-3.315E-2	0.184	0.103
8.500	-0.235	-2.872E-2	0.186	9.646E-2
8.517	-0.236	-2.671E-2	0.188	9.714E-2
8.533	-0.236	-2.304E-2	0.189	9.784E-2
8.550	-0.236	-2.292E-2	0.191	9.263E-2
8.567	-0.237	-1.787E-2	0.192	9.265E-2
8.583	-0.237	-1.385E-2	0.194	9.220E-2
8.600	-0.237	-9.582E-3	0.196	8.959E-2
8.617	-0.237	-3.142E-3	0.197	9.302E-2
8.633	-0.237	-8.018E-4	0.199	8.767E-2
8.650	-0.237	6.050E-3	0.200	8.242E-2
8.667	-0.237	8.319E-3	0.201	8.100E-2
8.683	-0.237	1.332E-2	0.203	7.528E-2
8.700	-0.237	1.967E-2	0.204	7.800E-2
8.717	-0.236	2.152E-2	0.205	7.729E-2
8.733	-0.236	2.879E-2	0.206	6.905E-2
8.750	-0.236	2.902E-2	0.208	6.747E-2
8.767	-0.235	3.387E-2	0.209	6.570E-2
8.783	-0.234	4.052E-2	0.210	6.074E-2
8.800	-0.234	4.203E-2	0.211	5.775E-2
8.817	-0.233	4.757E-2	0.212	5.117E-2
8.833	-0.232	5.142E-2	0.212	4.566E-2
8.850	-0.231	5.656E-2	0.213	4.498E-2
8.867	-0.230	6.246E-2	0.214	4.351E-2
8.883	-0.229	6.238E-2	0.215	3.595E-2
8.900	-0.228	6.891E-2	0.215	3.264E-2
8.917	-0.227	7.257E-2	0.216	3.354E-2
8.933	-0.226	7.446E-2	0.216	2.543E-2
8.950	-0.224	7.914E-2	0.217	1.742E-2
8.967	-0.223	8.183E-2	0.217	1.543E-2
8.983	-0.222	8.239E-2	0.217	1.261E-2
9.000	-0.220	8.460E-2	0.217	7.914E-3
9.017	-0.219	9.021E-2	0.217	5.983E-3
9.033	-0.217	8.923E-2	0.217	6.426E-4
9.050	-0.216	9.335E-2	0.217	-1.871E-3
9.067	-0.214	9.674E-2	0.217	-7.102E-3
9.083	-0.213	9.746E-2	0.217	-6.769E-3
9.100	-0.211	9.995E-2	0.217	-5.701E-3
9.117	-0.209	0.100	0.217	-1.893E-2
9.133	-0.208	0.101	0.217	-2.727E-2
9.150	-0.206	0.103	0.216	-3.042E-2
9.167	-0.204	0.105	0.215	-2.555E-2
9.183	-0.202	0.105	0.215	-2.758E-2
9.200	-0.201	0.107	0.215	-3.717E-2
9.217	-0.199	0.107	0.214	-4.141E-2
9.233	-0.197	0.103	0.213	-4.620E-2
9.250	-0.195	0.104	0.212	-4.106E-2
9.267	-0.194	0.106	0.212	-4.246E-2
9.283	-0.192	0.102	0.211	-5.147E-2
9.300	-0.190	9.912E-2	0.210	-4.926E-2
9.317	-0.189	9.631E-2	0.209	-5.526E-2
9.333	-0.187	9.563E-2	0.208	-5.895E-2
9.350	-0.185	9.886E-2	0.207	-5.876E-2
9.367	-0.184	9.724E-2	0.206	-6.028E-2
9.383	-0.182	9.319E-2	0.205	-6.006E-2
9.400	-0.181	8.656E-2	0.204	-6.318E-2
9.417	-0.179	8.809E-2	0.203	-6.257E-2
9.433	-0.178	8.392E-2	0.202	-6.687E-2
9.450	-0.177	7.816E-2	0.201	-6.810E-2
9.467	-0.175	7.862E-2	0.200	-6.759E-2
9.483	-0.174	7.269E-2	0.199	-6.940E-2
9.500	-0.173	6.716E-2	0.198	-7.093E-2
9.517	-0.172	6.321E-2	0.196	-7.287E-2
9.533	-0.171	6.277E-2	0.195	-7.181E-2
9.550	-0.170	5.953E-2	0.194	-6.981E-2
9.567	-0.169	5.204E-2	0.193	-6.812E-2
9.583	-0.168	4.915E-2	0.192	-6.941E-2
9.600	-0.167	4.733E-2	0.191	-7.030E-2
9.617	-0.166	4.374E-2	0.189	-6.786E-2
9.633	-0.166	3.699E-2	0.188	-6.736E-2
9.650	-0.165	3.161E-2	0.187	-6.494E-2
9.667	-0.164	2.857E-2	0.186	-5.726E-2
9.683	-0.164	2.234E-2	0.185	-5.958E-2
9.700	-0.164	1.570E-2	0.184	-6.691E-2
9.717	-0.164	1.033E-2	0.183	-6.321E-2
9.733	-0.163	4.500E-3	0.182	-5.236E-2
9.750	-0.163	-1.561E-3	0.181	-5.032E-2
9.767	-0.163	-5.012E-3	0.180	-5.242E-2
9.783	-0.164	-8.062E-3	0.180	-5.017E-2
9.800	-0.164	-1.413E-2	0.179	-4.763E-2
9.817	-0.164	-1.993E-2	0.178	-4.303E-2
9.833	-0.164	-2.359E-2	0.177	-3.807E-2
9.850	-0.165	-3.326E-2	0.177	-3.984E-2
9.867	-0.165	-3.805E-2	0.176	-4.227E-2
9.883	-0.166	-3.621E-2	0.175	-3.906E-2
9.900	-0.167	-4.303E-2	0.175	-3.463E-2
9.917	-0.168	-5.232E-2	0.174	-3.038E-2
9.933	-0.168	-5.645E-2	0.174	-2.727E-2
9.950	-0.169	-6.120E-2	0.173	-2.544E-2
9.967	-0.170	-6.884E-2	0.173	-2.290E-2
9.983	-0.172	-7.444E-2	0.172	-1.861E-2
10.000	-0.173	-7.770E-2	0.172	-1.318E-2
10.017	-0.174	-7.369E-2	0.172	-8.934E-3
10.033	-0.175	-7.446E-2	0.172	-1.068E-2
10.050	-0.177	-8.534E-2	0.172	-8.215E-3
10.067	-0.178	-9.046E-2	0.172	-4.995E-4
10.083	-0.180	-9.595E-2	0.172	2.914E-3
10.100	-0.181	-0.102	0.172	-2.509E-4
10.117	-0.183	-0.101	0.172	-1.713E-3
10.133	-0.185	-9.946E-2	0.172	6.676E-3
10.150	-0.187	-0.102	0.172	9.866E-3
10.167	-0.188	-0.111	0.172	6.542E-3
10.183	-0.190	-0.115	0.172	1.206E-2
10.200	-0.192	-0.112	0.172	1.695E-2
10.217	-0.194	-0.117	0.173	1.864E-2
10.233	-0.196	-0.119	0.173	1.781E-2
10.250	-0.198	-0.117	0.173	2.167E-2
10.267	-0.200	-0.122	0.174	2.578E-2
10.283	-0.202	-0.120	0.174	2.184E-2
10.300	-0.204	-0.119	0.174	2.802E-2
10.317	-0.206	-0.125	0.175	3.210E-2
10.333	-0.208	-0.126	0.175	2.873E-2
10.350	-0.210	-0.121	0.176	2.983E-2
10.367	-0.212	-0.121	0.176	3.010E-2
10.383	-0.214	-0.127	0.177	3.266E-2
10.400	-0.216	-0.122	0.178	3.530E-2
10.417	-0.218	-0.115	0.178	3.488E-2
10.433	-0.220	-0.120	0.179	3.749E-2
10.450	-0.222	-0.117	0.179	3.887E-2
10.467	-0.224	-0.111	0.180	3.586E-2
10.483	-0.226	-0.108	0.181	3.590E-2
10.500	-0.228	-0.110	0.181	4.026E-2
10.517	-0.230	-0.107	0.182	3.736E-2
10.533	-0.231	-9.925E-2	0.182	3.476E-2
10.550	-0.233	-0.102	0.183	3.384E-2
10.567	-0.235	-0.100	0.184	3.916E-2
10.583	-0.236	-9.091E-2	0.184	4.126E-2
10.600	-0.238	-8.780E-2	0.185	3.668E-2
10.617	-0.239	-8.765E-2	0.186	3.802E-2
10.633	-0.241	-8.245E-2	0.186	3.535E-2
10.650	-0.242	-7.639E-2	0.187	3.951E-2
10.667	-0.243	-7.334E-2	0.188	3.625E-2
10.683	-0.244	-7.107E-2	0.188	3.123E-2
10.700	-0.245	-6.450E-2	0.189	3.497E-2
10.717	-0.246	-5.713E-2	0.189	3.316E-2
10.733	-0.247	-5.269E-2	0.190	2.806E-2
10.750	-0.248	-5.038E-2	0.190	2.419E-2
10.767	-0.249	-4.041E-2	0.191	2.446E-2
10.783	-0.250	-4.004E-2	0.191	2.339E-2
10.800	-0.250	-3.616E-2	0.191	2.094E-2
10.817	-0.251	-2.330E-2	0.192	2.183E-2
10.833	-0.251	-1.932E-2	0.192	2.152E-2
10.850	-0.251	-1.115E-2	0.192	1.799E-2
10.867	-0.252	-5.339E-3	0.193	1.768E-2
10.883	-0.252	-1.545E-3	0.193	9.248E-3
10.900	-0.252	2.229E-3	0.193	4.801E-3
10.917	-0.252	6.232E-3	0.193	8.552E-3
10.933	-0.251	1.585E-2	0.193	9.024E-3
10.950	-0.251	2.230E-2	0.193	7.410E-3
10.967	-0.251	2.741E-2	0.193	2.136E-3
10.983	-0.250	3.163E-2	0.193	2.234E-3
11.000	-0.250	3.254E-2	0.194	2.183E-4
11.017	-0.249	4.129E-2	0.193	-3.182E-3
11.033	-0.248	4.828E-2	0.193	-8.397E-3
11.050	-0.247	5.164E-2	0.193	-8.214E-3
11.067	-0.247	6.243E-2	0.193	-3.787E-3
11.083	-0.245	7.065E-2	0.193	-7.898E-3
11.100	-0.244	7.465E-2	0.193	-1.104E-2
11.117	-0.243	7.552E-2	0.193	-1.546E-2
11.133	-0.242	7.846E-2	0.192	-1.712E-2
11.150	-0.240	8.445E-2	0.192	-1.799E-2
11.167	-0.239	8.705E-2	0.192	-1.902E-2
11.183	-0.237	9.084E-2	0.191	-1.736E-2
11.200	-0.236	9.459E-2	0.191	-1.986E-2
11.217	-0.234	0.103	0.191	-2.126E-2
11.233	-0.232	0.106	0.190	-2.572E-2
11.250	-0.231	0.111	0.190	-2.578E-2
11.267	-0.229	0.118	0.190	-2.190E-2
11.283	-0.227	0.112	0.189	-2.283E-2
11.300	-0.225	0.108	0.189	-2.997E-2
11.317	-0.223	0.111	0.188	-3.142E-2
11.333	-0.221	0.119	0.188	-2.931E-2
11.350	-0.219	0.122	0.187	-2.631E-2
11.367	-0.217	0.124	0.187	-2.428E-2
11.383	-0.215	0.125	0.186	-2.997E-2
11.400	-0.213	0.125	0.186	-2.804E-2
11.417	-0.211	0.128	0.186	-3.012E-2
11.433	-0.209	0.128	0.185	-2.794E-2
11.450	-0.207	0.126	0.185	-2.619E-2
11.467	-0.205	0.126	0.184	-2.817E-2
11.483	-0.202	0.126	0.184	-2.724E-2
11.500	-0.200	0.124	0.183	-2.742E-2
11.517	-0.198	0.124	0.183	-2.486E-2
11.533	-0.196	0.122	0.182	-2.434E-2
11.550	-0.194	0.119	0.182	-2.591E-2
11.567	-0.192	0.118	0.181	-2.400E-2
11.583	-0.190	0.115	0.181	-1.993E-2
11.600	-0.188	0.115	0.181	-1.640E-2
11.617	-0.186	0.115	0.181	-1.927E-2
11.633	-0.185	0.111	0.180	-1.786E-2
11.650	-0.183	0.106	0.180	-1.911E-2
11.667	-0.181	9.979E-2	0.180	-1.946E-2
11.683	-0.179	9.898E-2	0.179	-1.068E-2
11.700	-0.178	0.100	0.179	-1.034E-2
11.717	-0.176	9.363E-2	0.179	-8.031E-3
11.733	-0.175	9.014E-2	0.179	-9.036E-3
11.750	-0.173	8.843E-2	0.179	-7.034E-3
11.767	-0.172	8.212E-2	0.179	-7.374E-4
11.783	-0.170	7.342E-2	0.179	-5.061E-4
11.800	-0.169	6.899E-2	0.179	-2.133E-3
11.817	-0.168	6.884E-2	0.179	4.893E-3
11.833	-0.167	6.355E-2	0.179	9.878E-3
11.850	-0.166	5.749E-2	0.179	3.402E-3
11.867	-0.165	5.474E-2	0.179	6.487E-3
11.883	-0.164	5.058E-2	0.179	1.391E-2
11.900	-0.163	4.114E-2	0.179	1.573E-2
11.917	-0.163	3.532E-2	0.180	1.578E-2
11.933	-0.162	3.486E-2	0.180	1.654E-2
11.950	-0.162	3.207E-2	0.180	2.183E-2
11.967	-0.161	2.012E-2	0.181	2.453E-2
11.983	-0.161	1.360E-2	0.181	2.743E-2
12.000	-0.161	1.182E-2	0.182	3.046E-2
12.017	-0.160	5.212E-3	0.182	3.131E-2
12.033	-0.160	-3.242E-3	0.183	3.065E-2
12.050	-0.161	-1.171E-2	0.183	2.941E-2
12.067	-0.161	-9.139E-3	0.184	3.557E-2
12.083	-0.161	-9.062E-3	0.184	3.666E-2
12.100	-0.161	-2.441E-2	0.185	3.409E-2
12.117	-0.162	-3.431E-2	0.185	3.863E-2
12.133	-0.162	-3.637E-2	0.186	4.269E-2
12.150	-0.163	-4.245E-2	0.187	4.084E-2
12.167	-0.164	-4.406E-2	0.187	4.251E-2
12.183	-0.164	-4.741E-2	0.188	4.918E-2
12.200	-0.165	-5.366E-2	0.189	4.898E-2
12.217	-0.166	-5.789E-2	0.190	4.646E-2
12.233	-0.167	-6.247E-2	0.191	4.635E-2
12.250	-0.168	-6.502E-2	0.191	5.010E-2
12.267	-0.169	-7.360E-2	0.192	4.974E-2
12.283	-0.171	-7.908E-2	0.193	4.719E-2
12.300	-0.172	-7.994E-2	0.194	4.800E-2
12.317	-0.173	-8.599E-2	0.195	4.801E-2
12.333	-0.175	-8.954E-2	0.195	5.117E-2
12.350	-0.176	-9.291E-2	0.196	5.180E-2
12.367	-0.178	-9.283E-2	0.197	5.124E-2
12.383	-0.179	-9.522E-2	0.198	4.695E-2
12.400	-0.181	-0.104	0.199	4.539E-2
12.417	-0.183	-0.105	0.200	5.037E-2
12.433	-0.185	-0.102	0.200	4.877E-2
12.450	-0.186	-0.106	0.201	4.168E-2
12.467	-0.188	-0.114	0.202	4.148E-2
12.483	-0.190	-0.110	0.203	4.403E-2
12.500	-0.192	-0.108	0.203	3.988E-2
12.517	-0.194	-0.116	0.204	3.735E-2
12.533	-0.196	-0.115	0.205	3.843E-2
12.550	-0.198	-0.114	0.205	3.630E-2
12.567	-0.199	-0.116	0.206	3.263E-2
12.583	-0.201	-0.114	0.206	3.348E-2
12.600	-0.203	-0.108	0.207	3.234E-2
12.617	-0.205	-0.110	0.207	2.864E-2
12.633	-0.207	-0.111	0.208	2.829E-2
12.650	-0.209	-0.109	0.208	2.447E-2
12.667	-0.211	-0.110	0.209	1.766E-2
12.683	-0.212	-0.110	0.209	1.389E-2
12.700	-0.214	-0.107	0.209	1.354E-2
12.717	-0.216	-0.107	0.209	8.093E-3
12.733	-0.218	-0.104	0.209	3.178E-3
12.750	-0.219	-9.844E-2	0.209	5.701E-3
12.767	-0.221	-9.981E-2	0.210	4.063E-3
12.783	-0.223	-9.814E-2	0.210	-5.476E-4
12.800	-0.224	-9.423E-2	0.210	-2.580E-3
12.817	-0.226	-9.020E-2	0.210	-6.071E-3
12.833	-0.227	-8.828E-2	0.209	-1.272E-2
12.850	-0.229	-8.504E-2	0.209	-1.604E-2
12.867	-0.230	-7.989E-2	0.209	-1.716E-2
12.883	-0.232	-7.564E-2	0.209	-2.103E-2
12.900	-0.233	-7.205E-2	0.208	-2.434E-2
12.917	-0.234	-7.017E-2	0.208	-2.961E-2
12.933	-0.235	-6.661E-2	0.207	-3.325E-2
12.950	-0.236	-6.538E-2	0.207	-3.589E-2
12.967	-0.237	-5.644E-2	0.206	-4.192E-2
12.983	-0.238	-4.963E-2	0.205	-4.409E-2
13.000	-0.239	-4.585E-2	0.204	-4.157E-2
13.017	-0.240	-3.751E-2	0.204	-4.372E-2
13.033	-0.240	-3.630E-2	0.203	-5.102E-2
13.050	-0.241	-3.608E-2	0.202	-5.229E-2
13.067	-0.241	-2.903E-2	0.201	-5.418E-2
13.083	-0.242	-2.045E-2	0.200	-5.809E-2
13.100	-0.242	-1.697E-2	0.199	-5.832E-2
13.117	-0.242	-1.359E-2	0.198	-6.367E-2
13.133	-0.242	-1.079E-2	0.197	-6.998E-2
13.150	-0.243	-3.990E-3	0.196	-7.144E-2
13.167	-0.243	4.645E-4	0.195	-7.297E-2
13.183	-0.243	4.706E-3	0.194	-7.133E-2
13.200	-0.242	1.024E-2	0.192	-7.418E-2
13.217	-0.242	1.717E-2	0.191	-7.807E-2
13.233	-0.242	2.243E-2	0.190	-7.290E-2
13.250	-0.242	2.216E-2	0.189	-7.640E-2
13.267	-0.241	2.888E-2	0.187	-7.793E-2
13.283	-0.241	3.618E-2	0.186	-7.388E-2
13.300	-0.240	3.705E-2	0.185	-7.816E-2
13.317	-0.239	4.379E-2	0.184	-8.181E-2
13.333	-0.238	4.806E-2	0.182	-8.331E-2
13.350	-0.238	4.677E-2	0.181	-8.350E-2
13.367	-0.237	5.109E-2	0.179	-7.602E-2
13.383	-0.236	5.371E-2	0.178	-7.717E-2
13.400	-0.235	6.108E-2	0.177	-8.149E-2
13.417	-0.234	6.380E-2	0.175	-7.969E-2
13.433	-0.233	6.697E-2	0.174	-7.757E-2
13.450	-0.232	7.198E-2	0.173	-7.736E-2
13.467	-0.231	7.338E-2	0.172	-7.834E-2
13.483	-0.229	7.460E-2	0.170	-7.227E-2
13.500	-0.228	7.830E-2	0.169	-7.017E-2
13.517	-0.227	7.943E-2	0.168	-6.979E-2
13.533	-0.225	7.797E-2	0.167	-6.820E-2
13.550	-0.224	8.415E-2	0.166	-6.436E-2
13.567	-0.223	8.596E-2	0.165	-6.306E-2
13.583	-0.221	8.464E-2	0.164	-6.623E-2
13.600	-0.220	9.270E-2	0.162	-6.038E-2
13.617	-0.218	9.207E-2	0.162	-5.578E-2
13.633	-0.217	8.483E-2	0.161	-5.808E-2
13.650	-0.215	8.717E-2	0.160	-5.601E-2
13.667	-0.214	8.664E-2	0.159	-5.186E-2
13.683	-0.212	9.160E-2	0.158	-4.506E-2
13.700	-0.211	8.719E-2	0.157	-4.290E-2
13.717	-0.210	8.233E-2	0.156	-4.198E-2
13.733	-0.208	9.101E-2	0.156	-3.424E-2
13.750	-0.207	8.902E-2	0.155	-2.880E-2
13.767	-0.205	8.355E-2	0.155	-2.823E-2
13.783	-0.204	8.387E-2	0.154	-2.368E-2
13.800	-0.202	8.388E-2	0.154	-1.951E-2
13.817	-0.201	8.042E-2	0.154	-1.855E-2
13.833	-0.200	7.619E-2	0.153	-1.002E-2
13.850	-0.198	7.809E-2	0.153	-2.845E-3
13.867	-0.197	8.291E-2	0.153	-7.223E-4
13.883	-0.196	7.629E-2	0.153	4.195E-3
13.900	-0.194	6.895E-2	0.153	8.727E-3
13.917	-0.193	7.040E-2	0.154	1.230E-2
13.933	-0.192	6.742E-2	0.154	1.571E-2
13.950	-0.191	6.507E-2	0.154	1.963E-2
13.967	-0.190	6.201E-2	0.155	2.623E-2
13.983	-0.189	6.183E-2	0.155	3.318E-2
14.000	-0.188	5.883E-2	0.156	3.637E-2
14.017	-0.187	5.184E-2	0.156	3.846E-2
14.033	-0.186	4.823E-2	0.157	4.385E-2
14.050	-0.185	4.642E-2	0.158	4.827E-2
14.067	-0.185	4.890E-2	0.159	5.109E-2
14.083	-0.184	3.910E-2	0.159	5.105E-2
14.100	-0.183	2.795E-2	0.160	5.710E-2
14.117	-0.183	3.254E-2	0.161	6.493E-2
14.133	-0.182	3.316E-2	0.162	6.691E-2
14.150	-0.182	2.901E-2	0.164	7.170E-2
14.167	-0.181	2.416E-2	0.165	7.230E-2
14.183	-0.181	1.607E-2	0.166	7.645E-2
14.200	-0.181	1.703E-2	0.167	8.361E-2
14.217	-0.180	1.596E-2	0.169	8.264E-2
14.233	-0.180	9.299E-3	0.170	8.542E-2
14.250	-0.180	6.710E-3	0.172	9.256E-2
14.267	-0.180	2.053E-3	0.173	9.372E-2
14.283	-0.180	-1.533E-3	0.175	9.567E-2
14.300	-0.180	-3.454E-3	0.176	0.101
14.317	-0.180	-8.022E-3	0.178	0.103
14.333	-0.180	-1.066E-2	0.180	9.866E-2
14.350	-0.180	-1.513E-2	0.181	9.807E-2
14.367	-0.181	-1.775E-2	0.183	0.102
14.383	-0.181	-2.207E-2	0.185	0.104
14.400	-0.182	-2.564E-2	0.187	0.104
14.417	-0.182	-2.552E-2	0.188	0.105
14.433	-0.182	-2.654E-2	0.190	0.106
14.450	-0.183	-3.228E-2	0.192	0.107
14.467	-0.183	-4.026E-2	0.194	0.108
14.483	-0.184	-3.515E-2	0.195	0.103
14.500	-0.185	-3.563E-2	0.197	0.101
14.517	-0.185	-4.406E-2	0.199	0.105
14.533	-0.186	-3.961E-2	0.201	0.107
14.550	-0.187	-4.185E-2	0.202	0.104
14.567	-0.188	-4.831E-2	0.204	0.103
14.583	-0.188	-4.933E-2	0.206	0.103
14.600	-0.189	-4.993E-2	0.207	9.945E-2
14.617	-0.190	-5.048E-2	0.209	9.684E-2
14.633	-0.191	-5.256E-2	0.211	9.334E-2
14.650	-0.192	-5.343E-2	0.212	8.919E-2
14.667	-0.193	-5.458E-2	0.214	8.826E-2
14.683	-0.194	-5.798E-2	0.215	8.624E-2
14.700	-0.195	-6.178E-2	0.217	8.058E-2
14.717	-0.196	-5.512E-2	0.218	7.756E-2
14.733	-0.196	-5.689E-2	0.219	7.706E-2
14.750	-0.197	-6.389E-2	0.220	7.245E-2
14.767	-0.199	-5.611E-2	0.222	6.970E-2
14.783	-0.199	-5.401E-2	0.223	6.359E-2
14.800	-0.200	-5.483E-2	0.224	5.835E-2
14.817	-0.201	-5.339E-2	0.225	6.067E-2
14.833	-0.202	-5.663E-2	0.226	5.113E-2
14.850	-0.203	-5.437E-2	0.226	4.281E-2
14.867	-0.204	-5.136E-2	0.227	3.985E-2
14.883	-0.205	-5.209E-2	0.228	3.386E-2
14.900	-0.206	-5.270E-2	0.228	2.896E-2
14.917	-0.207	-5.247E-2	0.229	2.493E-2
14.933	-0.207	-4.894E-2	0.229	2.181E-2
14.950	-0.208	-4.599E-2	0.229	1.533E-2
14.967	-0.209	-4.458E-2	0.230	1.037E-2
14.983	-0.210	-4.381E-2	0.230	5.157E-3
15.000	-0.210	-4.338E-2	0.230	1.748E-3
15.017	-0.211	-3.990E-2	0.230	-2.815E-3
15.033	-0.212	-3.639E-2	0.230	-8.011E-3
15.050	-0.212	-3.590E-2	0.230	-1.336E-2
15.067	-0.213	-3.599E-2	0.229	-2.358E-2
15.083	-0.214	-3.274E-2	0.229	-2.662E-2
15.100	-0.214	-3.229E-2	0.228	-2.791E-2
15.117	-0.215	-2.740E-2	0.228	-3.429E-2
15.133	-0.215	-2.267E-2	0.227	-4.011E-2
15.150	-0.215	-2.284E-2	0.226	-4.822E-2
15.167	-0.216	-1.747E-2	0.226	-5.252E-2
15.183	-0.216	-1.686E-2	0.225	-5.790E-2
15.200	-0.216	-1.887E-2	0.224	-6.222E-2
15.217	-0.217	-1.617E-2	0.223	-6.601E-2
15.233	-0.217	-1.131E-2	0.221	-7.328E-2
15.250	-0.217	-7.583E-3	0.220	-7.317E-2
15.267	-0.217	-5.030E-3	0.219	-7.488E-2
15.283	-0.217	-2.555E-3	0.218	-8.308E-2
15.300	-0.217	-8.342E-4	0.216	-8.591E-2
15.317	-0.217	3.266E-3	0.215	-9.120E-2
15.333	-0.217	6.641E-3	0.213	-9.768E-2
15.350	-0.217	4.493E-3	0.212	-9.828E-2
15.367	-0.217	5.728E-3	0.210	-0.102
15.383	-0.217	1.225E-2	0.208	-0.104
15.400	-0.216	1.245E-2	0.206	-0.111
15.417	-0.216	1.020E-2	0.204	-0.113
15.433	-0.216	1.680E-2	0.203	-0.110
15.450	-0.216	2.083E-2	0.201	-0.113
15.467	-0.215	2.154E-2	0.199	-0.119
15.483	-0.215	1.869E-2	0.197	-0.118
15.500	-0.215	1.876E-2	0.195	-0.114
15.517	-0.214	2.063E-2	0.193	-0.120
15.533	-0.214	2.370E-2	0.191	-0.123
15.550	-0.214	2.658E-2	0.189	-0.121
15.567	-0.213	2.412E-2	0.187	-0.121
15.583	-0.213	2.623E-2	0.185	-0.119
15.600	-0.212	2.838E-2	0.183	-0.118
15.617	-0.212	2.962E-2	0.181	-0.121
15.633	-0.211	3.277E-2	0.179	-0.124
15.650	-0.211	3.350E-2	0.177	-0.121
15.667	-0.210	3.177E-2	0.175	-0.115
15.683	-0.210	2.550E-2	0.173	-0.115
15.700	-0.209	2.402E-2	0.171	-0.111
15.717	-0.209	3.272E-2	0.169	-0.110
15.733	-0.208	3.277E-2	0.167	-0.112
15.750	-0.208	2.934E-2	0.166	-0.104
15.767	-0.207	2.804E-2	0.164	-9.801E-2
15.783	-0.207	2.932E-2	0.162	-9.866E-2
15.800	-0.206	3.117E-2	0.161	-0.100
15.817	-0.206	2.811E-2	0.159	-9.489E-2
15.833	-0.205	2.942E-2	0.157	-8.814E-2
15.850	-0.205	2.922E-2	0.156	-8.718E-2
15.867	-0.204	2.240E-2	0.155	-8.515E-2
15.883	-0.204	1.902E-2	0.153	-8.243E-2
15.900	-0.204	1.966E-2	0.152	-7.983E-2
15.917	-0.203	2.043E-2	0.151	-6.901E-2
15.933	-0.203	1.895E-2	0.149	-6.520E-2
15.950	-0.203	1.794E-2	0.148	-6.298E-2
15.967	-0.203	1.496E-2	0.147	-5.463E-2
15.983	-0.202	1.463E-2	0.147	-4.779E-2
16.000	-0.202	1.570E-2	0.146	-4.232E-2
16.017	-0.202	1.566E-2	0.145	-4.056E-2
16.033	-0.202	1.100E-2	0.144	-3.302E-2
16.050	-0.201	1.403E-3	0.144	-2.892E-2
16.067	-0.201	-6.269E-4	0.143	-2.526E-2
16.083	-0.201	4.705E-3	0.143	-1.737E-2
16.100	-0.201	9.643E-3	0.143	-1.112E-2
16.117	-0.201	4.293E-3	0.143	-4.200E-3
16.133	-0.201	9.365E-4	0.143	1.942E-3
16.150	-0.201	3.667E-4	0.143	3.360E-3
16.167	-0.201	-3.311E-3	0.143	9.065E-3
16.183	-0.201	-3.889E-3	0.143	9.159E-3
16.200	-0.201	-2.842E-3	0.143	1.494E-2
16.217	-0.201	-6.914E-3	0.144	3.058E-2
16.233	-0.202	-1.157E-2	0.144	3.154E-2
16.250	-0.202	-1.141E-2	0.145	3.449E-2
16.267	-0.202	-1.573E-2	0.145	4.129E-2
16.283	-0.202	-1.778E-2	0.146	4.462E-2
16.300	-0.202	-1.746E-2	0.147	5.190E-2
16.317	-0.203	-1.804E-2	0.148	6.081E-2
16.333	-0.203	-1.760E-2	0.149	6.331E-2
16.350	-0.203	-2.039E-2	0.150	6.754E-2
16.367	-0.204	-2.433E-2	0.151	7.057E-2
16.383	-0.204	-2.419E-2	0.152	7.756E-2
16.400	-0.205	-2.515E-2	0.154	8.066E-2
16.417	-0.205	-2.891E-2	0.155	7.909E-2
16.433	-0.206	-2.904E-2	0.156	8.709E-2
16.450	-0.206	-2.340E-2	0.158	9.493E-2
16.467	-0.206	-2.672E-2	0.159	9.809E-2
16.483	-0.207	-3.367E-2	0.161	9.416E-2
16.500	-0.207	-3.047E-2	0.163	9.773E-2
16.517	-0.208	-3.342E-2	0.164	0.103
16.533	-0.209	-3.503E-2	0.166	0.102
16.550	-0.209	-3.254E-2	0.168	0.107
16.567	-0.210	-3.414E-2	0.170	0.112
16.583	-0.210	-3.249E-2	0.172	0.114
16.600	-0.211	-2.687E-2	0.173	0.116
16.617	-0.211	-2.574E-2	0.175	0.119
16.633	-0.212	-2.754E-2	0.177	0.121
16.650	-0.212	-3.187E-2	0.179	0.116
16.667	-0.213	-3.312E-2	0.181	0.116
16.683	-0.213	-2.562E-2	0.183	0.122
16.700	-0.213	-2.285E-2	0.185	0.121
16.717	-0.214	-2.500E-2	0.187	0.121
16.733	-0.214	-2.516E-2	0.189	0.122
16.750	-0.215	-2.236E-2	0.191	0.116
16.767	-0.215	-2.031E-2	0.193	0.119
16.783	-0.215	-2.129E-2	0.195	0.120
16.800	-0.216	-1.670E-2	0.197	0.114
16.817	-0.216	-1.307E-2	0.199	0.114
16.833	-0.216	-1.631E-2	0.201	0.113
16.850	-0.217	-1.742E-2	0.203	0.112
16.867	-0.217	-1.136E-2	0.205	0.107
16.883	-0.217	-9.009E-3	0.206	0.105
16.900	-0.217	-7.637E-3	0.208	0.102
16.917	-0.217	-4.166E-3	0.210	9.813E-2
16.933	-0.217	-1.765E-3	0.212	9.597E-2
16.950	-0.217	2.528E-3	0.213	9.479E-2
16.967	-0.217	3.284E-3	0.215	9.200E-2
16.983	-0.217	3.664E-3	0.216	8.668E-2
17.000	-0.217	6.085E-3	0.218	8.540E-2
17.017	-0.217	8.976E-3	0.219	7.105E-2
17.033	-0.217	7.893E-3	0.220	6.895E-2
17.050	-0.217	1.078E-2	0.221	7.136E-2
17.067	-0.216	1.548E-2	0.222	6.391E-2
17.083	-0.216	1.883E-2	0.223	5.910E-2
17.100	-0.216	2.161E-2	0.224	5.461E-2
17.117	-0.215	2.142E-2	0.225	5.364E-2
17.133	-0.215	2.232E-2	0.226	4.526E-2
17.150	-0.215	2.749E-2	0.227	3.814E-2
17.167	-0.214	3.129E-2	0.227	3.610E-2
17.183	-0.214	3.162E-2	0.228	3.323E-2
17.200	-0.213	3.490E-2	0.228	2.692E-2
17.217	-0.212	3.546E-2	0.229	1.828E-2
17.233	-0.212	3.429E-2	0.229	1.269E-2
17.250	-0.211	4.002E-2	0.229	5.986E-3
17.267	-0.211	4.247E-2	0.229	2.364E-3
17.283	-0.210	3.870E-2	0.229	-3.328E-3
17.300	-0.209	4.279E-2	0.229	-9.882E-3
17.317	-0.208	4.664E-2	0.229	-1.237E-2
17.333	-0.208	4.452E-2	0.229	-1.746E-2
17.350	-0.207	4.878E-2	0.228	-2.291E-2
17.367	-0.206	5.193E-2	0.228	-2.811E-2
17.383	-0.205	5.169E-2	0.227	-2.964E-2
17.400	-0.204	5.878E-2	0.227	-3.776E-2
17.417	-0.203	5.341E-2	0.226	-4.743E-2
17.433	-0.203	4.982E-2	0.225	-4.431E-2
17.450	-0.202	5.482E-2	0.225	-4.905E-2
17.467	-0.201	5.961E-2	0.224	-5.661E-2
17.483	-0.200	5.982E-2	0.223	-5.869E-2
17.500	-0.199	5.484E-2	0.222	-6.436E-2
17.517	-0.198	5.703E-2	0.221	-6.525E-2
17.533	-0.197	5.383E-2	0.220	-6.880E-2
17.550	-0.196	5.460E-2	0.218	-7.345E-2
17.567	-0.195	5.570E-2	0.217	-7.389E-2
17.583	-0.194	5.611E-2	0.216	-7.890E-2
17.600	-0.193	5.803E-2	0.215	-8.670E-2
17.617	-0.192	5.562E-2	0.213	-8.788E-2
17.633	-0.191	5.481E-2	0.212	-8.914E-2
17.650	-0.190	5.189E-2	0.210	-9.251E-2
17.667	-0.190	5.003E-2	0.209	-9.394E-2
17.683	-0.189	4.831E-2	0.207	-9.853E-2
17.700	-0.188	4.716E-2	0.205	-0.103
17.717	-0.187	4.665E-2	0.204	-0.104
17.733	-0.186	4.216E-2	0.202	-0.106
17.750	-0.186	4.208E-2	0.200	-0.105
17.767	-0.185	4.285E-2	0.198	-0.105
17.783	-0.184	4.070E-2	0.197	-0.105
17.800	-0.184	3.654E-2	0.195	-0.102
17.817	-0.183	1.712E-2	0.193	-4.904E-2
17.833	-0.183	1.798E-2	0.193	-5.059E-2
17.850	-0.182	3.420E-2	0.191	-0.102
17.867	-0.182	2.810E-2	0.190	-0.105
17.883	-0.182	2.286E-2	0.188	-0.106
17.900	-0.181	2.036E-2	0.186	-0.103
17.917	-0.181	2.139E-2	0.185	-9.908E-2
17.933	-0.180	1.906E-2	0.183	-0.101
17.950	-0.180	1.115E-2	0.181	-0.105
17.967	-0.180	1.160E-2	0.179	-9.806E-2
17.983	-0.180	7.340E-3	0.178	-9.430E-2
18.000	-0.180	-1.249E-3	0.176	-9.396E-2
18.017	-0.180	-3.057E-3	0.175	-9.057E-2
18.033	-0.180	-5.322E-3	0.173	-9.125E-2
18.050	-0.180	-7.378E-3	0.172	-8.766E-2
18.067	-0.180	-1.013E-2	0.170	-8.227E-2
18.083	-0.180	-1.355E-2	0.169	-8.107E-2
18.100	-0.181	-1.663E-2	0.168	-8.109E-2
18.117	-0.181	-2.172E-2	0.166	-7.629E-2
18.133	-0.181	-2.627E-2	0.165	-6.877E-2
18.150	-0.182	-2.866E-2	0.164	-6.540E-2
18.167	-0.182	-3.167E-2	0.163	-6.440E-2
18.183	-0.183	-3.666E-2	0.162	-6.214E-2
18.200	-0.184	-3.846E-2	0.161	-5.548E-2
18.217	-0.184	-4.025E-2	0.160	-4.806E-2
18.233	-0.185	-4.424E-2	0.159	-4.677E-2
18.250	-0.186	-5.007E-2	0.158	-4.925E-2
18.267	-0.187	-5.194E-2	0.158	-4.345E-2
18.283	-0.187	-5.197E-2	0.157	-3.255E-2
18.300	-0.188	-5.880E-2	0.157	-2.983E-2
18.317	-0.189	-6.325E-2	0.156	-2.868E-2
18.333	-0.190	-6.484E-2	0.156	-2.024E-2
18.350	-0.192	-6.967E-2	0.155	-1.546E-2
18.367	-0.193	-7.248E-2	0.155	-1.379E-2
18.383	-0.194	-7.646E-2	0.155	-1.037E-2
18.400	-0.195	-7.464E-2	0.155	-6.814E-3
18.417	-0.196	-7.549E-2	0.155	-1.837E-3
18.433	-0.198	-8.063E-2	0.155	2.690E-3
18.450	-0.199	-7.920E-2	0.155	7.856E-3
18.467	-0.200	-8.241E-2	0.155	8.771E-3
18.483	-0.202	-8.370E-2	0.155	1.507E-2
18.500	-0.203	-8.436E-2	0.155	1.922E-2
18.517	-0.205	-8.574E-2	0.156	2.228E-2
18.533	-0.206	-8.367E-2	0.156	2.716E-2
18.550	-0.207	-8.217E-2	0.157	3.231E-2
18.567	-0.209	-8.624E-2	0.157	3.467E-2
18.583	-0.210	-8.702E-2	0.158	3.283E-2
18.600	-0.212	-8.987E-2	0.158	4.269E-2
18.617	-0.213	-9.192E-2	0.159	4.411E-2
18.633	-0.215	-8.542E-2	0.160	4.594E-2
18.650	-0.216	-8.664E-2	0.161	5.308E-2
18.667	-0.218	-8.563E-2	0.162	5.974E-2
18.683	-0.219	-8.521E-2	0.163	6.255E-2
18.700	-0.221	-8.672E-2	0.164	5.910E-2
18.717	-0.222	-8.339E-2	0.165	6.165E-2
18.733	-0.223	-8.027E-2	0.166	6.370E-2
18.750	-0.225	-8.045E-2	0.167	6.648E-2
18.767	-0.226	-7.715E-2	0.168	6.623E-2
18.783	-0.227	-7.361E-2	0.169	6.494E-2
18.800	-0.228	-7.407E-2	0.170	6.964E-2
18.817	-0.230	-7.276E-2	0.171	7.490E-2
18.833	-0.231	-7.152E-2	0.173	7.421E-2
18.850	-0.232	-6.862E-2	0.174	7.243E-2
18.867	-0.233	-6.424E-2	0.175	7.316E-2
18.883	-0.234	-6.117E-2	0.176	7.963E-2
18.900	-0.235	-5.569E-2	0.178	8.072E-2
18.917	-0.236	-4.938E-2	0.179	7.590E-2
18.933	-0.237	-4.956E-2	0.180	7.615E-2
18.950	-0.238	-4.444E-2	0.181	7.470E-2
18.967	-0.238	-3.974E-2	0.183	7.737E-2
18.983	-0.239	-4.014E-2	0.184	8.043E-2
19.000	-0.240	-3.722E-2	0.185	7.680E-2
19.017	-0.240	-3.153E-2	0.187	7.067E-2
19.033	-0.241	-2.754E-2	0.188	7.232E-2
19.050	-0.241	-2.193E-2	0.189	7.435E-2
19.067	-0.241	-1.568E-2	0.190	7.201E-2
19.083	-0.242	-9.388E-3	0.191	7.111E-2
19.100	-0.242	-3.256E-3	0.193	6.722E-2
19.117	-0.242	-8.638E-4	0.194	6.431E-2
19.133	-0.242	8.175E-4	0.195	6.427E-2
19.150	-0.242	4.517E-3	0.196	6.433E-2
19.167	-0.242	1.269E-2	0.197	6.538E-2
19.183	-0.241	1.633E-2	0.198	6.199E-2
19.200	-0.241	1.992E-2	0.199	5.824E-2
19.217	-0.241	3.089E-2	0.200	5.668E-2
19.233	-0.240	3.277E-2	0.201	5.249E-2
19.250	-0.240	3.102E-2	0.202	4.354E-2
19.267	-0.239	4.023E-2	0.202	4.456E-2
19.283	-0.238	4.457E-2	0.203	4.812E-2
19.300	-0.238	4.645E-2	0.204	4.201E-2
19.317	-0.237	4.889E-2	0.205	3.849E-2
19.333	-0.236	5.440E-2	0.205	3.696E-2
19.350	-0.235	5.962E-2	0.206	3.266E-2
19.367	-0.234	6.357E-2	0.206	2.904E-2
19.383	-0.233	6.882E-2	0.207	2.901E-2
19.400	-0.232	7.211E-2	0.207	2.244E-2
19.417	-0.230	7.749E-2	0.207	1.616E-2
19.433	-0.229	7.818E-2	0.208	1.599E-2
19.450	-0.228	8.325E-2	0.208	1.515E-2
19.467	-0.226	8.986E-2	0.208	1.317E-2
19.483	-0.225	8.994E-2	0.208	6.444E-3
19.500	-0.223	9.171E-2	0.208	2.760E-3
19.517	-0.222	9.498E-2	0.209	1.211E-3
19.533	-0.220	9.846E-2	0.208	-4.105E-4
19.550	-0.218	0.102	0.208	-2.576E-3
19.567	-0.217	0.100	0.208	-9.572E-3
19.583	-0.215	0.100	0.208	-1.140E-2
19.600	-0.213	0.106	0.208	-1.080E-2
19.617	-0.212	0.108	0.208	-1.480E-2
19.633	-0.210	0.105	0.208	-1.923E-2
19.650	-0.208	0.108	0.207	-2.495E-2
19.667	-0.206	0.108	0.207	-2.464E-2
19.683	-0.204	0.110	0.206	-2.466E-2
19.700	-0.202	0.110	0.206	-3.003E-2
19.717	-0.201	0.111	0.205	-3.201E-2
19.733	-0.199	0.111	0.205	-3.830E-2
19.750	-0.197	0.105	0.204	-3.962E-2
19.767	-0.195	0.113	0.203	-3.942E-2
19.783	-0.193	0.112	0.203	-3.873E-2
19.800	-0.192	0.104	0.202	-3.695E-2
19.817	-0.190	0.102	0.202	-4.099E-2
19.833	-0.188	0.104	0.201	-4.188E-2
19.850	-0.186	0.103	0.200	-4.013E-2
19.867	-0.185	9.920E-2	0.199	-4.540E-2
19.883	-0.183	9.934E-2	0.199	-4.576E-2
19.900	-0.181	9.673E-2	0.198	-4.616E-2
19.917	-0.180	8.940E-2	0.197	-4.423E-2
19.933	-0.178	8.583E-2	0.196	-4.494E-2
19.950	-0.177	8.579E-2	0.196	-5.029E-2
19.967	-0.176	8.297E-2	0.195	-4.861E-2
19.983	-0.174	8.113E-2	0.194	-4.717E-2
20.000	-0.173	7.335E-2	0.193	-4.329E-2
20.017	-0.172	6.677E-2	0.193	-4.570E-2
20.033	-0.171	6.704E-2	0.192	-4.872E-2
20.050	-0.170	6.483E-2	0.191	-4.377E-2
20.067	-0.168	5.803E-2	0.190	-4.107E-2
20.083	-0.168	5.309E-2	0.190	-4.259E-2
20.100	-0.167	5.314E-2	0.189	-4.369E-2
20.117	-0.166	4.465E-2	0.188	-4.406E-2
20.133	-0.165	3.657E-2	0.187	-3.860E-2
20.150	-0.165	3.300E-2	0.187	-3.696E-2
20.167	-0.164	2.946E-2	0.186	-4.002E-2
20.183	-0.164	2.496E-2	0.185	-3.242E-2
20.200	-0.163	1.990E-2	0.185	-2.980E-2
20.217	-0.163	1.372E-2	0.184	-3.544E-2
20.233	-0.163	5.815E-3	0.184	-3.133E-2
20.250	-0.163	5.215E-3	0.183	-2.893E-2
20.267	-0.163	3.988E-3	0.183	-3.160E-2
20.283	-0.163	-5.096E-3	0.182	-2.981E-2
20.300	-0.163	-1.125E-2	0.182	-2.652E-2
20.317	-0.163	-2.080E-2	0.181	-2.238E-2
20.333	-0.163	-2.337E-2	0.181	-1.712E-2
20.350	-0.164	-2.248E-2	0.181	-1.634E-2
20.367	-0.164	-3.011E-2	0.181	-1.850E-2
20.383	-0.165	-4.007E-2	0.180	-1.420E-2
20.400	-0.166	-4.140E-2	0.180	-8.053E-3
20.417	-0.166	-4.202E-2	0.180	-7.188E-3
20.433	-0.167	-5.225E-2	0.180	-7.678E-3
20.450	-0.168	-5.808E-2	0.180	-7.410E-3
20.467	-0.169	-6.178E-2	0.180	-3.963E-3
20.483	-0.170	-6.912E-2	0.180	6.015E-4
20.500	-0.171	-7.448E-2	0.180	8.462E-4
20.517	-0.172	-7.506E-2	0.180	1.209E-3
20.533	-0.174	-7.822E-2	0.180	8.189E-3
20.550	-0.175	-8.233E-2	0.180	8.387E-3
20.567	-0.176	-8.604E-2	0.180	4.996E-3
20.583	-0.178	-8.882E-2	0.180	7.504E-3
20.600	-0.179	-9.635E-2	0.180	9.223E-3
20.617	-0.181	-0.101	0.180	1.093E-2
20.633	-0.183	-0.102	0.181	1.622E-2
20.650	-0.185	-0.107	0.181	1.822E-2
20.667	-0.186	-0.109	0.181	1.545E-2
20.683	-0.188	-0.107	0.181	1.885E-2
20.700	-0.190	-0.113	0.182	2.126E-2
20.717	-0.192	-0.116	0.182	2.118E-2
20.733	-0.194	-0.108	0.183	2.374E-2
20.750	-0.196	-0.113	0.183	1.969E-2
20.767	-0.198	-0.121	0.183	2.345E-2
20.783	-0.200	-0.118	0.184	2.954E-2
20.800	-0.201	-0.119	0.184	2.529E-2
20.817	-0.204	-0.122	0.185	2.376E-2
20.833	-0.206	-0.120	0.185	2.664E-2
20.850	-0.208	-0.118	0.185	2.675E-2
20.867	-0.209	-0.120	0.186	2.583E-2
20.883	-0.212	-0.122	0.186	2.707E-2
20.900	-0.214	-0.121	0.187	2.556E-2
20.917	-0.216	-0.119	0.187	2.370E-2
20.933	-0.218	-0.115	0.188	2.335E-2
20.950	-0.219	-0.110	0.188	2.575E-2
20.967	-0.221	-0.106	0.188	2.527E-2
20.983	-0.223	-0.108	0.189	2.380E-2
21.000	-0.225	-0.110	0.189	2.281E-2
21.017	-0.227	-0.105	0.190	2.377E-2
21.033	-0.228	-0.100	0.190	2.284E-2
21.050	-0.230	-9.725E-2	0.190	1.774E-2
21.067	-0.232	-9.669E-2	0.191	1.874E-2
21.083	-0.233	-9.561E-2	0.191	2.258E-2
21.100	-0.235	-9.098E-2	0.191	1.850E-2
21.117	-0.236	-8.413E-2	0.192	1.575E-2
21.133	-0.238	-7.783E-2	0.192	1.603E-2
21.150	-0.239	-7.635E-2	0.192	1.306E-2
21.167	-0.240	-7.214E-2	0.192	1.074E-2
21.183	-0.241	-6.592E-2	0.192	7.228E-3
21.200	-0.242	-6.297E-2	0.193	6.594E-3
21.217	-0.243	-5.863E-2	0.193	9.016E-3
21.233	-0.244	-5.282E-2	0.193	7.921E-3
21.250	-0.245	-4.901E-2	0.193	6.642E-3
21.267	-0.246	-4.434E-2	0.193	1.540E-3
21.283	-0.247	-3.945E-2	0.193	-3.450E-3
21.300	-0.247	-3.020E-2	0.193	-3.298E-3
21.317	-0.248	-2.454E-2	0.193	-2.475E-3
21.333	-0.248	-2.394E-2	0.193	-3.724E-3
21.350	-0.248	-1.988E-2	0.193	-6.869E-3
21.367	-0.249	-9.447E-3	0.193	-6.918E-3
21.383	-0.249	-3.823E-3	0.193	-1.050E-2
21.400	-0.249	-3.504E-3	0.192	-1.376E-2
21.417	-0.249	1.653E-3	0.192	-1.357E-2
21.433	-0.249	8.556E-3	0.192	-1.684E-2
21.450	-0.248	1.775E-2	0.192	-1.709E-2
21.467	-0.248	2.566E-2	0.191	-1.734E-2
21.483	-0.248	2.784E-2	0.191	-2.123E-2
21.500	-0.247	3.098E-2	0.191	-2.163E-2
21.517	-0.247	3.590E-2	0.190	-2.456E-2
21.533	-0.246	4.398E-2	0.190	-2.521E-2
21.550	-0.245	4.635E-2	0.189	-2.556E-2
21.567	-0.244	5.104E-2	0.189	-3.009E-2
21.583	-0.243	5.613E-2	0.188	-3.198E-2
21.600	-0.243	6.101E-2	0.188	-3.401E-2
21.617	-0.241	6.478E-2	0.187	-3.484E-2
21.633	-0.240	6.818E-2	0.187	-3.348E-2
21.650	-0.239	7.572E-2	0.186	-3.365E-2
21.667	-0.238	7.582E-2	0.186	-3.128E-2
21.683	-0.237	8.112E-2	0.185	-3.094E-2
21.700	-0.235	8.439E-2	0.185	-3.444E-2
21.717	-0.234	8.556E-2	0.184	-3.308E-2
21.733	-0.232	9.146E-2	0.183	-3.358E-2
21.750	-0.231	9.435E-2	0.183	-3.917E-2
21.767	-0.229	9.793E-2	0.182	-3.551E-2
21.783	-0.227	0.103	0.182	-3.389E-2
21.800	-0.226	0.104	0.181	-3.523E-2
21.817	-0.224	0.107	0.180	-3.282E-2
21.833	-0.222	0.106	0.180	-3.424E-2
21.850	-0.220	0.109	0.179	-3.372E-2
21.867	-0.219	0.111	0.179	-3.399E-2
21.883	-0.217	0.109	0.178	-3.414E-2
21.900	-0.215	0.112	0.178	-3.422E-2
21.917	-0.213	0.116	0.177	-3.483E-2
21.933	-0.211	0.115	0.176	-3.258E-2
21.950	-0.209	0.112	0.176	-2.959E-2
21.967	-0.207	0.112	0.175	-2.546E-2
21.983	-0.205	0.116	0.175	-2.717E-2
22.000	-0.203	0.117	0.175	-2.620E-2
22.017	-0.202	0.111	0.174	-2.341E-2
22.033	-0.200	0.110	0.174	-2.160E-2
22.050	-0.198	0.108	0.174	-1.608E-2
22.067	-0.196	0.108	0.173	-1.441E-2
22.083	-0.194	0.107	0.173	-1.508E-2
22.100	-0.193	0.106	0.173	-1.415E-2
22.117	-0.191	0.108	0.173	-1.079E-2
22.133	-0.189	0.103	0.172	-1.051E-2
22.150	-0.187	9.961E-2	0.172	-7.755E-3
22.167	-0.186	9.411E-2	0.172	-3.012E-3
22.183	-0.184	9.155E-2	0.172	2.133E-3
22.200	-0.183	9.231E-2	0.172	4.224E-3
22.217	-0.181	8.732E-2	0.172	7.786E-4
22.233	-0.180	8.145E-2	0.172	6.351E-3
22.250	-0.178	7.767E-2	0.172	1.057E-2
22.267	-0.177	7.774E-2	0.173	1.334E-2
22.283	-0.176	7.142E-2	0.173	1.655E-2
22.300	-0.175	6.580E-2	0.173	1.679E-2
22.317	-0.174	6.310E-2	0.173	1.940E-2
22.333	-0.173	5.795E-2	0.174	1.908E-2
22.350	-0.172	5.584E-2	0.174	2.907E-2
22.367	-0.171	5.352E-2	0.175	3.363E-2
22.383	-0.170	4.655E-2	0.175	2.820E-2
22.400	-0.169	3.634E-2	0.176	3.069E-2
22.417	-0.169	3.311E-2	0.176	3.708E-2
22.433	-0.168	3.097E-2	0.177	3.865E-2
22.450	-0.168	2.465E-2	0.178	4.081E-2
22.467	-0.167	2.016E-2	0.178	3.978E-2
22.483	-0.167	1.596E-2	0.179	3.971E-2
22.500	-0.167	1.249E-2	0.180	4.863E-2
22.517	-0.167	8.570E-3	0.180	4.919E-2
22.533	-0.166	2.661E-3	0.181	4.885E-2
22.550	-0.166	-3.716E-3	0.182	5.279E-2
22.567	-0.167	-8.151E-3	0.183	5.321E-2
22.583	-0.167	-1.237E-2	0.184	5.676E-2
22.600	-0.167	-1.683E-2	0.185	5.833E-2
22.617	-0.167	-2.379E-2	0.186	5.817E-2
22.633	-0.168	-2.810E-2	0.187	5.974E-2
22.650	-0.168	-3.172E-2	0.188	6.317E-2
22.667	-0.169	-3.850E-2	0.189	5.994E-2
22.683	-0.170	-4.161E-2	0.190	5.936E-2
22.700	-0.170	-4.376E-2	0.191	6.511E-2
22.717	-0.171	-4.866E-2	0.192	6.489E-2
22.733	-0.172	-5.104E-2	0.193	6.679E-2
22.750	-0.173	-5.566E-2	0.194	6.176E-2
22.767	-0.174	-6.010E-2	0.195	6.147E-2
22.783	-0.175	-6.500E-2	0.196	6.674E-2
22.800	-0.176	-6.911E-2	0.197	6.781E-2
22.817	-0.177	-6.919E-2	0.199	6.392E-2
22.833	-0.178	-7.422E-2	0.200	5.817E-2
22.850	-0.179	-7.677E-2	0.200	6.332E-2
22.867	-0.181	-7.514E-2	0.202	6.116E-2
22.883	-0.182	-8.165E-2	0.203	5.658E-2
22.900	-0.183	-8.738E-2	0.204	5.937E-2
22.917	-0.185	-8.476E-2	0.204	5.749E-2
22.933	-0.186	-8.966E-2	0.205	5.776E-2
22.950	-0.188	-9.085E-2	0.206	5.284E-2
22.967	-0.189	-8.964E-2	0.207	5.079E-2
22.983	-0.191	-9.189E-2	0.208	5.202E-2
23.000	-0.192	-9.397E-2	0.209	4.613E-2
23.017	-0.194	-9.465E-2	0.210	4.529E-2
23.033	-0.196	-9.503E-2	0.210	4.300E-2
23.050	-0.197	-9.547E-2	0.211	3.685E-2
23.067	-0.199	-9.405E-2	0.212	3.606E-2
23.083	-0.200	-9.465E-2	0.212	3.441E-2
23.100	-0.202	-9.224E-2	0.213	3.296E-2
23.117	-0.203	-9.403E-2	0.213	3.255E-2
23.133	-0.205	-9.523E-2	0.214	2.368E-2
23.150	-0.207	-9.218E-2	0.214	1.659E-2
23.167	-0.208	-9.515E-2	0.214	1.736E-2
23.183	-0.210	-9.084E-2	0.215	1.676E-2
23.200	-0.211	-8.532E-2	0.215	1.581E-2
23.217	-0.213	-8.707E-2	0.215	7.914E-3
23.233	-0.214	-8.751E-2	0.215	-7.686E-4
23.250	-0.215	-8.312E-2	0.215	-7.212E-4
23.267	-0.217	-8.204E-2	0.215	-1.219E-3
23.283	-0.218	-8.186E-2	0.215	-2.608E-3
23.300	-0.220	-7.499E-2	0.215	-8.822E-3
23.317	-0.221	-7.133E-2	0.215	-1.469E-2
23.333	-0.222	-7.000E-2	0.215	-1.679E-2
23.350	-0.223	-6.933E-2	0.214	-2.369E-2
23.367	-0.224	-6.788E-2	0.214	-2.759E-2
23.383	-0.225	-6.385E-2	0.213	-2.827E-2
23.400	-0.226	-6.307E-2	0.213	-3.367E-2
23.417	-0.227	-5.827E-2	0.212	-3.933E-2
23.433	-0.228	-5.269E-2	0.212	-4.152E-2
23.450	-0.229	-4.997E-2	0.211	-4.188E-2
23.467	-0.230	-4.590E-2	0.210	-4.553E-2
23.483	-0.231	-3.992E-2	0.209	-4.974E-2
23.500	-0.231	-3.464E-2	0.209	-5.044E-2
23.517	-0.232	-3.271E-2	0.208	-5.822E-2
23.533	-0.232	-3.060E-2	0.207	-6.448E-2
23.550	-0.233	-2.978E-2	0.206	-6.399E-2
23.567	-0.233	-2.310E-2	0.204	-6.635E-2
23.583	-0.234	-1.720E-2	0.203	-6.835E-2
23.600	-0.234	-1.724E-2	0.202	-7.302E-2
23.617	-0.234	-1.016E-2	0.201	-7.474E-2
23.633	-0.234	-5.765E-3	0.200	-7.678E-2
23.650	-0.234	-6.122E-3	0.198	-8.036E-2
23.667	-0.234	-1.310E-3	0.197	-8.155E-2
23.683	-0.234	2.656E-3	0.196	-8.529E-2
23.700	-0.234	8.657E-3	0.194	-8.670E-2
23.717	-0.234	1.287E-2	0.193	-8.541E-2
23.733	-0.234	1.511E-2	0.191	-8.927E-2
23.750	-0.234	1.915E-2	0.190	-8.827E-2
23.767	-0.233	2.546E-2	0.188	-8.953E-2
23.783	-0.233	2.823E-2	0.187	-9.213E-2
23.800	-0.232	2.879E-2	0.185	-9.072E-2
23.817	-0.232	3.710E-2	0.184	-9.182E-2
23.833	-0.231	3.763E-2	0.182	-8.688E-2
23.850	-0.231	3.687E-2	0.181	-9.114E-2
23.867	-0.230	4.349E-2	0.179	-9.864E-2
23.883	-0.229	4.599E-2	0.178	-9.176E-2
23.900	-0.228	4.745E-2	0.176	-8.726E-2
23.917	-0.228	5.118E-2	0.175	-8.606E-2
23.933	-0.227	4.958E-2	0.173	-8.623E-2
23.950	-0.226	5.067E-2	0.172	-8.676E-2
23.967	-0.225	5.826E-2	0.170	-8.543E-2
23.983	-0.224	5.440E-2	0.169	-8.761E-2
24.000	-0.223	5.716E-2	0.167	-8.646E-2
24.017	-0.222	6.376E-2	0.166	-7.977E-2
24.033	-0.221	6.179E-2	0.165	-7.492E-2
24.050	-0.220	6.187E-2	0.164	-7.691E-2
24.067	-0.219	6.668E-2	0.162	-7.292E-2
24.083	-0.218	6.815E-2	0.161	-6.862E-2
24.100	-0.217	6.485E-2	0.160	-7.050E-2
24.117	-0.216	6.375E-2	0.159	-6.814E-2
24.133	-0.215	6.572E-2	0.158	-5.985E-2
24.150	-0.213	6.774E-2	0.157	-5.658E-2
24.167	-0.212	6.528E-2	0.156	-5.408E-2
24.183	-0.211	6.572E-2	0.155	-4.914E-2
24.200	-0.210	6.872E-2	0.154	-4.746E-2
24.217	-0.209	7.336E-2	0.153	-4.121E-2
24.233	-0.208	6.850E-2	0.153	-3.386E-2
24.250	-0.207	6.033E-2	0.152	-3.302E-2
24.267	-0.206	6.130E-2	0.152	-2.835E-2
24.283	-0.205	6.239E-2	0.151	-2.423E-2
24.300	-0.204	6.450E-2	0.151	-2.002E-2
24.317	-0.202	6.029E-2	0.151	-1.546E-2
24.333	-0.202	5.624E-2	0.150	-1.111E-2
24.350	-0.201	5.781E-2	0.150	-5.072E-3
24.367	-0.200	5.326E-2	0.150	-5.158E-3
24.383	-0.199	5.584E-2	0.150	-1.296E-3
24.400	-0.198	5.512E-2	0.150	6.178E-3
24.417	-0.197	4.843E-2	0.150	1.693E-2
24.433	-0.196	4.560E-2	0.151	1.881E-2
24.450	-0.195	4.496E-2	0.151	1.787E-2
24.467	-0.195	4.559E-2	0.151	2.470E-2
24.483	-0.194	3.573E-2	0.152	2.966E-2
24.500	-0.193	3.561E-2	0.152	3.432E-2
24.517	-0.193	4.056E-2	0.153	3.778E-2
24.533	-0.192	3.432E-2	0.154	4.523E-2
24.550	-0.192	2.666E-2	0.154	5.424E-2
24.567	-0.191	2.256E-2	0.155	5.378E-2
24.583	-0.191	2.073E-2	0.156	5.972E-2
24.600	-0.191	2.133E-2	0.157	6.638E-2
24.617	-0.190	2.316E-2	0.158	6.360E-2
24.633	-0.190	1.806E-2	0.160	6.467E-2
24.650	-0.190	1.451E-2	0.161	7.411E-2
24.667	-0.189	1.119E-2	0.162	7.556E-2
24.683	-0.189	7.224E-3	0.163	7.578E-2
24.700	-0.189	3.907E-3	0.165	8.439E-2
24.717	-0.189	-1.448E-3	0.166	8.729E-2
24.733	-0.189	-2.074E-3	0.167	9.131E-2
24.750	-0.189	-1.581E-5	0.169	9.414E-2
24.767	-0.189	-5.581E-3	0.171	9.650E-2
24.783	-0.189	-7.947E-3	0.172	9.982E-2
24.800	-0.189	-9.914E-3	0.174	0.101
24.817	-0.190	-1.108E-2	0.176	0.103
24.833	-0.190	-1.191E-2	0.177	0.105
24.850	-0.190	-1.647E-2	0.179	0.112
24.867	-0.190	-1.887E-2	0.181	0.108
24.883	-0.191	-2.307E-2	0.183	0.107
24.900	-0.191	-1.984E-2	0.185	0.113
24.917	-0.191	-1.966E-2	0.186	0.106
24.933	-0.192	-2.670E-2	0.188	0.106
24.950	-0.192	-2.664E-2	0.190	0.109
24.967	-0.193	-2.531E-2	0.192	0.110
24.983	-0.193	-2.655E-2	0.194	0.108
25.000	-0.193	-3.154E-2	0.195	0.111
25.017	-0.194	-3.206E-2	0.197	0.107
25.033	-0.195	-3.162E-2	0.199	0.104
25.050	-0.195	-3.855E-2	0.201	0.110
25.067	-0.196	-3.508E-2	0.203	0.107
25.083	-0.196	-3.307E-2	0.204	0.107
25.100	-0.197	-3.770E-2	0.206	0.106
25.117	-0.198	-3.524E-2	0.208	9.610E-2
25.133	-0.198	-3.698E-2	0.209	9.613E-2
25.150	-0.199	-3.831E-2	0.211	9.906E-2
25.167	-0.199	-3.578E-2	0.213	9.018E-2
25.183	-0.200	-3.592E-2	0.214	8.541E-2
25.200	-0.201	-3.453E-2	0.216	8.887E-2
25.217	-0.201	-3.568E-2	0.217	8.308E-2
25.233	-0.202	-3.878E-2	0.218	7.742E-2
25.250	-0.202	-3.433E-2	0.220	7.271E-2
25.267	-0.203	-3.345E-2	0.221	7.085E-2
25.283	-0.204	-3.384E-2	0.222	6.992E-2
25.300	-0.204	-3.064E-2	0.223	6.473E-2
25.317	-0.205	-3.447E-2	0.224	5.815E-2
25.333	-0.205	-3.016E-2	0.225	5.181E-2
25.350	-0.206	-2.868E-2	0.226	4.962E-2
25.367	-0.206	-3.120E-2	0.227	4.535E-2
25.383	-0.207	-2.658E-2	0.227	4.018E-2
25.400	-0.207	-2.639E-2	0.228	3.651E-2
25.417	-0.208	-2.488E-2	0.229	2.735E-2
25.433	-0.208	-2.021E-2	0.229	2.175E-2
25.450	-0.208	-2.026E-2	0.229	2.028E-2
25.467	-0.209	-2.511E-2	0.230	1.548E-2
25.483	-0.209	-2.134E-2	0.230	5.461E-3
25.500	-0.209	-1.622E-2	0.230	1.087E-3
25.517	-0.210	-1.537E-2	0.230	4.576E-4
25.533	-0.210	-1.362E-2	0.230	-9.711E-3
25.550	-0.210	-1.552E-2	0.230	-1.008E-2
25.567	-0.210	-9.936E-3	0.229	-1.946E-2
25.583	-0.210	-7.996E-3	0.229	-2.690E-2
25.600	-0.211	-8.560E-3	0.229	-2.515E-2
25.617	-0.211	-1.693E-3	0.228	-3.316E-2
25.633	-0.211	-4.245E-4	0.227	-3.953E-2
25.650	-0.211	-1.086E-3	0.227	-4.361E-2
25.667	-0.211	1.804E-3	0.226	-4.509E-2
25.683	-0.211	2.248E-3	0.225	-5.475E-2
25.700	-0.211	3.472E-3	0.224	-6.221E-2
25.717	-0.210	5.662E-3	0.223	-6.205E-2
25.733	-0.210	7.892E-3	0.222	-6.481E-2
25.750	-0.210	9.874E-3	0.221	-7.015E-2
25.767	-0.210	1.119E-2	0.220	-7.855E-2
25.783	-0.210	1.226E-2	0.218	-8.065E-2
25.800	-0.210	1.209E-2	0.217	-8.393E-2
25.817	-0.209	1.736E-2	0.216	-8.665E-2
25.833	-0.209	1.825E-2	0.214	-8.952E-2
25.850	-0.209	1.633E-2	0.213	-9.494E-2
25.867	-0.209	1.924E-2	0.211	-9.900E-2
25.883	-0.208	1.904E-2	0.209	-0.103
25.900	-0.208	1.933E-2	0.208	-0.104
25.917	-0.208	2.079E-2	0.206	-0.106
25.933	-0.207	2.351E-2	0.204	-0.107
25.950	-0.207	2.347E-2	0.202	-0.110
25.967	-0.206	2.192E-2	0.200	-0.110
25.983	-0.206	2.357E-2	0.199	-0.112
26.000	-0.206	2.420E-2	0.197	-0.113
26.017	-0.205	2.267E-2	0.195	-0.108
26.033	-0.205	2.498E-2	0.193	-0.115
26.050	-0.204	2.040E-2	0.191	-0.118
26.067	-0.204	2.098E-2	0.189	-0.115
26.083	-0.204	2.563E-2	0.187	-0.119
26.100	-0.203	2.210E-2	0.185	-0.118
26.117	-0.203	2.313E-2	0.183	-0.114
26.133	-0.203	2.678E-2	0.181	-0.108
26.150	-0.202	2.430E-2	0.180	-0.108
26.167	-0.202	2.259E-2	0.178	-0.115
26.183	-0.201	2.018E-2	0.176	-0.115
26.200	-0.201	1.692E-2	0.174	-0.110
26.217	-0.201	2.005E-2	0.172	-0.102
26.233	-0.200	1.919E-2	0.170	-0.104
26.250	-0.200	1.789E-2	0.169	-0.104
26.267	-0.200	1.512E-2	0.167	-0.100
26.283	-0.200	1.386E-2	0.165	-0.102
26.300	-0.199	1.035E-2	0.164	-9.535E-2
26.317	-0.199	1.314E-2	0.162	-8.813E-2
26.333	-0.199	1.511E-2	0.161	-8.773E-2
26.350	-0.199	7.253E-3	0.159	-8.478E-2
26.367	-0.199	3.889E-3	0.158	-7.963E-2
26.383	-0.199	4.011E-3	0.157	-7.449E-2
26.400	-0.199	2.318E-3	0.155	-7.015E-2
26.417	-0.199	-4.164E-4	0.154	-7.137E-2
26.433	-0.199	-3.065E-3	0.153	-6.934E-2
26.450	-0.199	-6.933E-3	0.152	-6.227E-2
26.467	-0.199	-3.174E-3	0.151	-5.683E-2
26.483	-0.199	-2.764E-3	0.150	-5.133E-2
26.500	-0.199	-1.072E-2	0.149	-4.281E-2
26.517	-0.199	-9.414E-3	0.149	-3.607E-2
26.533	-0.199	-1.064E-2	0.148	-2.882E-2
26.550	-0.199	-1.610E-2	0.148	-2.770E-2
26.567	-0.200	-1.317E-2	0.147	-3.001E-2
26.583	-0.200	-1.462E-2	0.147	-2.290E-2
26.600	-0.200	-1.987E-2	0.146	-1.744E-2
26.617	-0.201	-2.511E-2	0.146	-1.066E-2
26.633	-0.201	-2.411E-2	0.146	-3.062E-3
26.650	-0.201	-2.484E-2	0.146	-8.241E-4
26.667	-0.202	-2.588E-2	0.146	2.478E-3
26.683	-0.202	-2.381E-2	0.146	1.105E-2
26.700	-0.203	-3.017E-2	0.146	1.698E-2
26.717	-0.203	-3.392E-2	0.147	1.849E-2
26.733	-0.204	-3.237E-2	0.147	2.794E-2
26.750	-0.204	-3.392E-2	0.148	3.594E-2
26.767	-0.205	-3.912E-2	0.148	3.328E-2
26.783	-0.206	-3.791E-2	0.149	3.941E-2
26.800	-0.206	-3.725E-2	0.149	4.969E-2
26.817	-0.207	-4.006E-2	0.150	5.159E-2
26.833	-0.208	-3.719E-2	0.151	5.610E-2
26.850	-0.208	-3.641E-2	0.152	5.983E-2
26.867	-0.209	-4.062E-2	0.153	6.362E-2
26.883	-0.209	-3.928E-2	0.154	6.670E-2
26.900	-0.210	-3.794E-2	0.155	6.552E-2
26.917	-0.211	-3.974E-2	0.156	7.122E-2
26.933	-0.211	-4.257E-2	0.158	7.565E-2
26.950	-0.212	-4.207E-2	0.159	7.806E-2
26.967	-0.213	-4.070E-2	0.160	8.457E-2
26.983	-0.214	-4.348E-2	0.162	9.281E-2
27.000	-0.214	-3.884E-2	0.163	9.108E-2
27.017	-0.215	-3.616E-2	0.165	8.597E-2
27.033	-0.215	-3.577E-2	0.166	9.697E-2
27.050	-0.216	-3.517E-2	0.168	0.102
27.067	-0.217	-3.674E-2	0.170	9.938E-2
27.083	-0.217	-3.534E-2	0.171	0.100
27.100	-0.218	-3.229E-2	0.173	9.793E-2
27.117	-0.218	-3.314E-2	0.175	0.101
27.133	-0.219	-3.337E-2	0.176	0.104
27.150	-0.219	-3.262E-2	0.178	0.104
27.167	-0.220	-3.018E-2	0.180	0.108
27.183	-0.220	-3.030E-2	0.182	0.111
27.200	-0.221	-3.153E-2	0.184	0.107
27.217	-0.221	-2.883E-2	0.185	0.104
27.233	-0.222	-2.605E-2	0.187	0.107
27.250	-0.222	-2.389E-2	0.189	0.106
27.267	-0.223	-2.003E-2	0.191	0.104
27.283	-0.223	-1.406E-2	0.192	0.102
27.300	-0.223	-1.301E-2	0.194	0.103
27.317	-0.223	-1.311E-2	0.196	0.104
27.333	-0.224	-1.208E-2	0.197	0.100
27.350	-0.224	-6.871E-3	0.199	9.795E-2
27.367	-0.224	-2.858E-3	0.201	9.634E-2
27.383	-0.224	-2.983E-3	0.202	9.238E-2
27.400	-0.224	-2.802E-4	0.204	9.201E-2
27.417	-0.224	2.782E-3	0.205	8.823E-2
27.433	-0.224	2.856E-3	0.207	8.341E-2
27.450	-0.224	7.484E-3	0.208	8.224E-2
27.467	-0.224	1.239E-2	0.210	7.535E-2
27.483	-0.223	1.668E-2	0.211	7.038E-2
27.500	-0.223	1.980E-2	0.212	7.156E-2
27.517	-0.223	2.002E-2	0.213	6.895E-2
27.533	-0.222	2.329E-2	0.214	6.093E-2
27.550	-0.222	2.454E-2	0.215	6.135E-2
27.567	-0.222	2.699E-2	0.216	5.868E-2
27.583	-0.221	3.197E-2	0.217	5.187E-2
27.600	-0.221	3.509E-2	0.218	5.057E-2
27.617	-0.220	3.544E-2	0.219	4.700E-2
27.633	-0.219	4.128E-2	0.220	3.939E-2
27.650	-0.219	4.618E-2	0.220	3.316E-2
27.667	-0.218	4.493E-2	0.221	3.122E-2
27.683	-0.217	4.923E-2	0.221	2.243E-2
27.700	-0.216	4.844E-2	0.221	2.068E-2
27.717	-0.215	4.934E-2	0.222	2.218E-2
27.733	-0.215	5.394E-2	0.222	1.341E-2
27.750	-0.214	5.533E-2	0.222	7.656E-3
27.767	-0.213	5.947E-2	0.222	4.010E-3
27.783	-0.212	6.246E-2	0.222	-2.179E-3
27.800	-0.211	6.310E-2	0.222	-3.522E-3
27.817	-0.210	6.475E-2	0.222	-8.071E-3
27.833	-0.208	6.695E-2	0.222	-1.411E-2
27.850	-0.207	7.057E-2	0.222	-1.716E-2
27.867	-0.206	7.381E-2	0.221	-1.979E-2
27.883	-0.205	7.020E-2	0.221	-2.551E-2
27.900	-0.204	6.936E-2	0.221	-3.514E-2
27.917	-0.203	7.093E-2	0.220	-3.532E-2
27.933	-0.201	7.105E-2	0.219	-3.567E-2
27.950	-0.200	7.167E-2	0.219	-4.344E-2
27.967	-0.199	7.218E-2	0.218	-4.401E-2
27.983	-0.198	7.209E-2	0.217	-4.952E-2
28.000	-0.197	7.390E-2	0.216	-5.365E-2
28.017	-0.195	7.126E-2	0.216	-5.446E-2
28.033	-0.194	6.701E-2	0.214	-5.836E-2
28.050	-0.193	6.902E-2	0.214	-6.042E-2
28.067	-0.192	7.202E-2	0.212	-6.401E-2
28.083	-0.191	6.955E-2	0.211	-6.488E-2
28.100	-0.190	6.493E-2	0.210	-6.697E-2
28.117	-0.189	6.957E-2	0.209	-6.812E-2
28.133	-0.187	6.593E-2	0.208	-7.505E-2
28.150	-0.186	6.024E-2	0.207	-7.634E-2
28.167	-0.185	6.173E-2	0.206	-7.427E-2
28.183	-0.184	5.720E-2	0.204	-7.640E-2
28.200	-0.183	5.511E-2	0.203	-8.197E-2
28.217	-0.182	5.343E-2	0.201	-8.209E-2
28.233	-0.182	4.765E-2	0.200	-8.128E-2
28.250	-0.181	4.778E-2	0.199	-8.510E-2
28.267	-0.180	4.598E-2	0.197	-8.393E-2
28.283	-0.179	4.170E-2	0.196	-8.655E-2
28.300	-0.179	3.848E-2	0.195	-8.520E-2
28.317	-0.178	3.312E-2	0.193	-8.227E-2
28.333	-0.178	3.185E-2	0.192	-8.466E-2
28.350	-0.177	3.078E-2	0.190	-8.420E-2
28.367	-0.176	2.738E-2	0.189	-8.616E-2
28.383	-0.176	2.254E-2	0.187	-8.607E-2
28.400	-0.176	1.949E-2	0.186	-7.803E-2
28.417	-0.175	1.679E-2	0.185	-7.668E-2
28.433	-0.175	1.137E-2	0.184	-8.029E-2
28.450	-0.175	1.166E-2	0.182	-7.907E-2
28.467	-0.175	4.073E-3	0.181	-7.460E-2
28.483	-0.175	-2.584E-3	0.180	-7.557E-2
28.500	-0.175	5.705E-4	0.178	-7.550E-2
28.517	-0.175	-3.167E-3	0.177	-7.298E-2
28.533	-0.175	-9.765E-3	0.176	-7.243E-2
28.550	-0.175	-1.429E-2	0.175	-6.898E-2
28.567	-0.175	-1.792E-2	0.174	-6.547E-2
28.583	-0.176	-2.221E-2	0.173	-5.928E-2
28.600	-0.176	-2.584E-2	0.172	-5.610E-2
28.617	-0.177	-2.792E-2	0.171	-5.784E-2
28.633	-0.177	-3.408E-2	0.170	-5.438E-2
28.650	-0.178	-3.621E-2	0.169	-4.957E-2
28.667	-0.178	-4.303E-2	0.168	-4.617E-2
28.683	-0.179	-5.255E-2	0.167	-4.391E-2
28.700	-0.180	-5.105E-2	0.167	-4.039E-2
28.717	-0.181	-5.453E-2	0.166	-3.586E-2
28.733	-0.182	-5.909E-2	0.165	-3.735E-2
28.750	-0.183	-5.930E-2	0.165	-3.202E-2
28.767	-0.184	-6.459E-2	0.164	-2.388E-2
28.783	-0.185	-7.095E-2	0.164	-2.230E-2
28.800	-0.186	-7.202E-2	0.164	-1.814E-2
28.817	-0.187	-7.597E-2	0.163	-1.634E-2
28.833	-0.189	-7.682E-2	0.163	-1.372E-2
28.850	-0.190	-7.516E-2	0.163	-9.813E-3
28.867	-0.191	-7.742E-2	0.163	-4.065E-3
28.883	-0.193	-8.106E-2	0.163	1.370E-3
28.900	-0.194	-8.233E-2	0.163	1.638E-3
28.917	-0.195	-8.762E-2	0.163	5.643E-3
28.933	-0.197	-9.470E-2	0.163	8.088E-3
28.950	-0.198	-8.966E-2	0.163	1.073E-2
28.967	-0.200	-8.717E-2	0.163	1.395E-2
28.983	-0.201	-9.408E-2	0.164	1.434E-2
29.000	-0.203	-9.659E-2	0.164	2.072E-2
29.017	-0.205	-9.419E-2	0.164	2.506E-2
29.033	-0.206	-9.510E-2	0.165	2.412E-2
29.050	-0.208	-9.647E-2	0.165	3.140E-2
29.067	-0.209	-9.902E-2	0.166	3.357E-2
29.083	-0.211	-9.632E-2	0.166	3.315E-2
29.100	-0.213	-9.927E-2	0.167	4.144E-2
29.117	-0.214	-0.104	0.168	3.948E-2
29.133	-0.216	-9.428E-2	0.168	3.890E-2
29.150	-0.218	-9.078E-2	0.169	4.293E-2
29.167	-0.219	-9.985E-2	0.170	4.092E-2
29.183	-0.221	-9.765E-2	0.170	4.201E-2
29.200	-0.222	-8.841E-2	0.171	4.629E-2
29.217	-0.224	-8.736E-2	0.172	5.037E-2
29.233	-0.225	-8.769E-2	0.173	5.244E-2
29.250	-0.227	-8.850E-2	0.174	5.264E-2
29.267	-0.228	-8.497E-2	0.174	5.326E-2
29.283	-0.230	-7.843E-2	0.175	5.461E-2
29.300	-0.231	-7.677E-2	0.176	5.183E-2
29.317	-0.232	-7.897E-2	0.177	5.829E-2
29.333	-0.233	-7.585E-2	0.178	5.879E-2
29.350	-0.235	-6.755E-2	0.179	4.934E-2
29.367	-0.236	-6.463E-2	0.180	5.487E-2
29.383	-0.237	-6.381E-2	0.181	5.589E-2
29.400	-0.238	-5.880E-2	0.182	5.245E-2
29.417	-0.239	-5.408E-2	0.183	5.422E-2
29.433	-0.240	-5.248E-2	0.183	5.704E-2
29.450	-0.241	-4.604E-2	0.184	5.671E-2
29.467	-0.241	-3.649E-2	0.185	5.459E-2
29.483	-0.242	-3.721E-2	0.186	5.434E-2
29.500	-0.242	-3.254E-2	0.187	5.066E-2
29.517	-0.243	-2.597E-2	0.188	5.427E-2
29.533	-0.243	-2.224E-2	0.189	5.310E-2
29.550	-0.244	-1.701E-2	0.190	4.561E-2
29.567	-0.244	-1.705E-2	0.190	4.624E-2
29.583	-0.244	-9.763E-3	0.191	4.884E-2
29.600	-0.244	2.505E-3	0.192	4.807E-2
29.617	-0.244	1.849E-3	0.193	4.307E-2
29.633	-0.244	3.478E-3	0.194	3.996E-2
29.650	-0.244	1.020E-2	0.194	3.617E-2
29.667	-0.244	1.228E-2	0.195	3.662E-2
29.683	-0.244	1.753E-2	0.195	3.093E-2
29.700	-0.243	2.188E-2	0.196	2.794E-2
29.717	-0.243	2.900E-2	0.196	3.259E-2
29.733	-0.242	3.665E-2	0.197	2.888E-2
29.750	-0.242	3.685E-2	0.197	2.734E-2
29.767	-0.241	4.242E-2	0.198	2.294E-2
29.783	-0.240	4.859E-2	0.198	1.885E-2
29.800	-0.239	5.412E-2	0.198	2.135E-2
29.817	-0.238	5.994E-2	0.199	1.932E-2
29.833	-0.237	6.386E-2	0.199	1.590E-2
29.850	-0.236	6.712E-2	0.199	1.066E-2
29.867	-0.235	7.037E-2	0.199	9.656E-3
29.883	-0.234	7.294E-2	0.200	1.026E-2
29.900	-0.233	7.500E-2	0.200	6.640E-3
29.917	-0.231	8.162E-2	0.200	4.883E-3
29.933	-0.230	8.530E-2	0.200	2.365E-3
29.950	-0.229	8.818E-2	0.200	-4.347E-4
29.967	-0.227		0.200	
